,0,1,2,3,4,5,6,7,8,9,10,11,12,13,14,15,16,17,18,19,20,21,22,23,24,25,26,27,28,29,30,31,32,33,34,35,36,37,38,39,40,41,42,43,44,45,46,47,48,49,50,51,52,53,54,55,56,57,58,59,60,61,62,63,64,65,66,67,68,69,70,71,72,73,74,75,chain_break_fraction,energy,num_occurrences
0,1,1,1,0,1,1,0,1,0,0,1,0,0,1,1,1,0,0,0,0,1,1,0,0,1,1,0,1,1,1,0,0,1,0,0,0,1,1,1,1,1,1,0,1,0,1,1,0,0,0,1,0,0,1,1,0,0,1,1,0,0,0,1,1,1,1,0,0,1,0,0,0,0,0,0,1,0.2368421052631578,-15282624.0,1
1,1,1,0,0,1,1,1,1,0,0,1,0,1,1,1,1,1,0,0,0,1,1,0,0,1,0,0,1,0,1,1,0,0,0,0,0,1,1,1,1,1,1,1,1,0,1,1,0,0,1,1,0,0,1,1,0,0,1,1,0,0,0,1,1,1,1,0,0,1,0,0,1,0,0,1,1,0.25,-14671728.0,1
2,1,1,0,0,1,1,0,1,0,0,1,0,1,1,1,1,0,0,0,0,1,1,0,0,1,0,0,1,0,0,1,0,1,0,0,0,1,0,1,1,1,1,0,1,0,1,1,1,0,1,1,0,1,1,1,0,0,1,1,0,0,0,1,1,1,1,1,0,1,0,1,1,0,0,0,1,0.2763157894736842,-15466240.0,1
3,1,1,1,0,1,1,1,1,0,0,1,0,1,1,1,1,1,0,1,0,1,1,0,0,1,1,0,1,1,1,0,0,1,0,0,0,0,0,1,1,1,1,0,1,0,1,1,0,0,0,1,0,1,1,1,0,0,1,1,0,0,0,0,1,1,0,0,0,1,0,1,1,0,0,0,1,0.2368421052631578,-14815728.0,1
4,1,1,0,1,1,1,1,1,0,0,1,0,0,1,1,1,0,0,0,0,1,1,0,0,1,1,0,0,0,1,0,0,1,0,0,0,0,1,1,1,1,1,0,1,0,1,1,1,0,1,1,0,1,0,1,0,0,1,1,0,0,0,1,1,1,0,1,0,1,0,1,1,0,1,0,1,0.1973684210526315,-14905968.0,1
5,1,1,1,0,1,1,0,1,1,0,1,0,1,1,1,1,1,0,0,0,1,1,0,0,1,0,0,1,0,0,1,0,1,0,0,0,0,0,1,1,1,1,1,1,0,1,1,0,0,1,1,0,0,1,1,0,0,1,1,0,0,0,1,1,1,0,0,0,1,0,0,1,0,0,0,1,0.2368421052631578,-15570300.0,1
6,1,1,0,1,1,1,1,1,0,0,1,0,1,1,0,1,1,0,0,0,1,1,1,0,1,0,0,1,0,1,1,0,1,0,0,0,1,0,1,1,1,1,0,1,0,1,1,0,0,0,1,0,1,1,1,0,0,1,1,0,0,0,1,1,1,1,1,0,1,0,0,0,0,0,0,1,0.2368421052631578,-14741020.0,1
7,1,1,0,1,1,1,0,1,1,0,1,0,1,1,1,1,1,0,0,0,1,1,0,0,1,0,0,0,1,1,1,0,1,0,0,0,1,0,1,1,1,1,0,1,0,1,1,1,0,0,1,0,1,1,1,0,0,1,1,0,0,0,0,1,1,1,0,0,1,0,1,1,0,0,0,1,0.25,-15049468.0,1
8,1,1,0,1,1,1,0,1,0,0,1,0,1,1,1,1,0,0,1,0,1,1,0,0,1,1,0,0,0,1,1,0,1,0,0,0,1,0,1,1,1,1,0,1,0,1,1,0,0,1,1,0,1,1,1,0,0,1,1,0,0,0,1,1,1,0,0,0,1,0,1,1,0,0,1,1,0.2631578947368421,-14819580.0,1
9,1,1,1,1,1,1,0,1,0,0,1,0,1,1,1,1,1,0,1,0,1,1,0,0,1,1,0,0,1,0,1,0,1,0,0,0,1,1,1,1,1,1,1,1,0,1,0,0,0,0,1,0,1,1,1,0,0,1,1,0,0,0,1,1,1,1,0,0,1,0,1,1,0,0,0,0,0.25,-15340528.0,1
10,1,1,0,1,1,1,0,1,1,0,1,0,1,1,1,1,0,0,0,0,1,1,0,0,1,0,0,0,1,0,1,0,0,0,0,0,1,1,1,1,1,1,0,1,0,1,1,0,0,0,1,0,1,0,1,0,0,1,1,0,0,0,1,1,1,1,1,0,1,0,1,0,0,0,0,0,0.2368421052631578,-15508828.0,1
11,1,1,0,1,1,1,0,1,1,0,1,0,1,1,1,1,1,0,0,0,1,1,0,0,1,0,0,0,0,0,1,0,1,0,0,0,1,0,1,1,1,1,0,1,0,1,1,0,0,1,1,0,1,1,1,0,0,1,1,0,0,1,1,1,1,1,0,0,0,0,1,1,0,0,0,1,0.25,-15142848.0,1
12,1,1,0,0,1,1,0,1,1,0,1,0,1,1,0,1,1,0,0,0,1,1,0,0,0,1,0,1,0,0,0,0,1,0,0,0,0,1,1,1,1,1,1,1,0,1,1,0,0,1,1,0,1,1,1,0,0,1,1,0,0,0,1,1,1,1,0,0,1,0,1,1,0,0,0,1,0.2631578947368421,-15348124.0,1
13,1,1,0,0,1,1,0,1,0,0,1,0,1,1,1,1,1,0,0,0,1,1,0,0,1,1,0,1,1,0,1,0,1,0,0,0,1,0,1,1,1,1,1,1,0,1,1,0,0,1,1,0,0,0,1,0,0,1,1,0,0,0,1,1,1,1,0,0,1,0,1,0,0,0,0,1,0.2763157894736842,-15274428.0,1
14,1,1,0,0,1,1,1,1,0,0,1,0,0,1,1,1,0,1,0,0,1,1,0,0,1,0,0,1,1,1,1,0,0,0,0,0,1,1,1,1,1,1,0,1,0,1,0,1,0,1,1,0,1,1,1,0,0,1,1,0,0,0,1,1,1,1,1,0,1,0,1,1,0,0,0,0,0.2368421052631578,-15194460.0,1
15,1,1,0,0,1,1,0,1,0,0,1,0,1,1,1,1,0,0,1,0,1,1,0,0,1,1,0,1,0,0,1,0,0,0,0,0,1,0,1,1,1,1,0,1,0,1,1,0,0,1,1,0,0,1,1,0,0,1,1,0,0,0,1,1,1,1,1,0,1,0,1,1,0,0,0,0,0.25,-15335424.0,1
16,1,1,1,1,1,1,0,1,1,0,1,0,1,1,1,1,0,0,0,0,0,1,0,0,1,1,0,0,0,1,1,0,1,0,0,0,1,1,1,1,1,1,0,1,0,1,1,0,0,1,1,0,0,0,1,0,0,1,1,0,0,0,0,1,1,1,1,0,1,0,0,1,0,0,1,1,0.2631578947368421,-15120924.0,1
17,1,1,0,1,1,1,0,1,0,0,1,0,1,1,1,1,0,0,0,0,0,1,0,0,1,1,0,0,1,0,0,0,0,0,0,0,1,1,1,1,1,1,0,1,0,1,1,0,0,1,1,0,0,1,1,0,0,1,1,0,0,0,1,1,1,1,1,0,1,0,0,1,0,0,0,1,0.2763157894736842,-15470448.0,1
18,1,1,0,1,1,1,1,1,1,0,1,0,1,1,1,1,0,0,0,0,0,1,0,0,0,1,0,0,0,0,1,0,0,0,0,0,1,1,1,1,1,1,1,1,0,1,1,0,0,1,1,0,1,1,1,0,0,1,1,0,0,0,1,1,1,1,1,0,1,0,1,0,0,0,1,1,0.2631578947368421,-14595840.0,1
19,1,1,0,1,1,1,0,1,0,0,1,0,1,1,1,1,1,0,0,0,1,1,0,0,1,0,0,0,0,0,1,0,1,0,0,0,1,0,1,1,1,1,1,1,0,1,1,0,0,1,1,0,0,0,1,0,0,1,1,0,0,0,1,1,1,1,0,0,1,0,0,1,0,0,0,1,0.2631578947368421,-15570300.0,1
20,1,1,1,1,1,1,1,1,0,0,1,0,0,0,1,1,0,0,0,0,1,1,0,0,1,1,0,0,0,1,1,0,1,0,0,0,1,1,1,1,1,1,0,1,0,1,1,1,0,1,1,0,0,0,1,0,0,1,1,0,0,0,1,1,1,1,1,0,1,0,1,0,0,0,0,1,0.2631578947368421,-14967100.0,1
21,1,1,0,0,1,1,1,1,0,0,1,0,0,1,1,1,1,0,0,1,1,1,0,0,1,0,0,1,0,0,1,0,1,0,0,0,1,1,1,1,1,1,0,0,0,1,1,0,0,1,1,0,1,1,1,0,0,1,1,0,0,0,0,1,1,1,1,0,1,0,1,0,0,0,0,1,0.2631578947368421,-15355648.0,1
22,1,1,0,1,1,1,0,1,1,0,1,0,0,1,1,1,0,0,1,0,1,1,0,0,0,1,0,1,1,0,1,0,1,0,0,0,1,1,1,1,1,1,0,0,0,1,1,1,0,1,1,0,0,0,1,0,0,1,1,0,0,0,1,1,1,0,1,0,1,0,1,1,0,0,0,1,0.2368421052631578,-15370480.0,1
23,1,1,1,1,1,1,1,1,0,0,1,0,0,1,1,1,1,0,1,0,0,1,0,0,1,0,0,0,1,1,1,0,0,0,0,0,1,1,1,1,1,1,0,1,0,1,0,0,0,1,1,0,0,1,1,0,0,1,1,0,0,0,0,1,1,1,0,0,1,0,0,1,0,0,0,0,0.2368421052631578,-15396924.0,1
24,1,1,1,1,1,1,0,1,0,0,1,0,0,1,1,1,0,0,0,0,1,1,0,0,1,0,0,0,0,1,1,0,1,0,0,0,1,1,1,1,1,1,0,1,0,1,0,1,0,1,1,0,1,1,1,0,0,1,1,0,0,1,1,1,1,1,1,0,1,0,1,0,0,0,0,1,0.2368421052631578,-15330288.0,1
25,1,1,0,0,1,1,0,1,0,0,1,0,1,1,0,1,0,0,1,0,1,1,0,0,1,1,0,1,0,1,1,0,1,0,0,0,1,0,1,1,1,1,0,1,0,1,1,0,0,0,1,0,1,0,1,0,0,1,1,0,0,1,1,1,1,0,1,0,1,0,0,0,0,0,0,1,0.2763157894736842,-15468348.0,1
26,1,1,0,1,1,1,0,1,0,0,1,0,1,1,1,1,1,0,1,0,1,1,0,0,1,1,0,0,0,1,0,0,1,0,0,0,0,1,1,1,1,1,1,0,0,1,1,0,0,1,1,0,0,1,1,0,0,1,1,0,0,0,1,1,1,0,0,0,1,0,1,0,0,0,0,1,0.2631578947368421,-15161328.0,1
27,1,1,0,1,1,1,0,1,1,0,1,0,1,1,1,1,1,1,1,0,1,1,0,0,1,0,0,0,0,0,1,0,0,0,0,0,1,0,1,1,1,1,1,1,0,1,0,0,0,0,1,0,1,0,1,0,0,1,1,0,0,0,1,1,1,0,1,0,1,0,0,0,0,0,0,1,0.25,-15713340.0,1
28,1,1,1,1,1,1,0,1,0,0,1,0,0,1,1,1,0,0,0,0,1,1,0,0,0,1,0,1,0,0,1,0,0,0,0,0,1,0,1,1,1,1,1,0,0,1,1,0,0,1,1,0,0,1,1,0,0,1,1,0,0,0,1,1,1,1,0,0,1,0,1,0,0,0,0,0,0.2105263157894736,-15363100.0,1
29,1,1,0,1,1,1,1,1,0,0,1,0,0,1,1,1,0,0,0,0,1,1,0,0,1,1,0,0,0,1,1,0,0,0,0,0,1,0,1,1,1,0,0,1,0,1,0,0,0,0,1,0,0,1,1,0,0,1,1,0,0,0,1,1,1,0,1,0,1,0,1,0,0,0,0,1,0.2894736842105263,-15200380.0,1
30,1,1,0,1,1,1,0,1,0,0,1,0,1,0,1,1,1,0,0,0,1,1,0,0,0,1,0,1,0,0,1,0,1,0,0,0,1,1,1,1,1,1,1,1,0,1,1,0,0,1,1,0,1,1,1,0,0,1,1,0,1,0,1,1,1,1,1,0,1,0,0,0,0,0,0,1,0.2368421052631578,-15257820.0,1
31,1,1,1,0,1,1,1,1,1,0,1,0,1,1,1,1,0,0,0,0,1,1,0,0,1,0,0,1,0,0,1,0,1,0,0,0,1,0,1,1,1,1,0,1,0,1,1,0,0,1,1,0,0,0,1,0,0,1,1,0,0,1,0,1,1,1,0,1,1,0,0,0,0,0,0,0,0.2105263157894736,-15387420.0,1
32,1,1,0,1,1,1,1,1,0,0,1,0,0,1,1,1,0,0,0,0,1,1,0,0,0,1,0,0,0,1,1,0,1,0,0,0,1,0,1,1,1,1,0,0,0,1,0,0,0,1,1,0,0,0,1,0,0,1,1,0,0,0,1,1,1,1,1,0,0,0,1,1,0,1,1,1,0.2368421052631578,-15101820.0,1
33,1,1,0,0,1,1,0,1,1,0,1,0,1,1,1,1,0,1,1,0,1,1,0,0,1,1,0,1,0,0,1,1,1,0,0,0,1,0,1,1,1,1,0,1,0,1,1,1,0,1,1,0,1,0,1,0,0,1,1,0,0,0,1,1,1,1,0,0,1,0,1,0,0,0,1,1,0.2631578947368421,-14952924.0,1
34,1,1,0,0,1,1,0,1,1,0,1,0,1,1,1,1,0,0,1,0,1,1,0,0,1,0,0,1,1,1,1,1,1,0,0,0,1,0,1,1,1,1,0,1,0,1,1,0,0,1,1,0,1,0,1,0,0,1,1,0,0,0,1,1,1,1,0,0,1,0,0,0,0,0,1,1,0.2763157894736842,-15127228.0,1
35,1,1,1,0,1,1,1,1,0,0,1,0,0,1,1,1,0,0,0,0,1,1,0,0,1,1,0,1,0,0,1,0,1,0,0,0,1,0,1,1,1,1,1,1,0,1,1,1,0,1,1,0,0,1,1,0,0,1,1,0,0,1,0,1,1,0,0,0,1,0,1,0,0,0,1,0,0.25,-14995068.0,1
36,1,1,0,0,1,1,0,1,1,0,1,0,1,1,1,1,1,0,0,0,0,1,0,0,1,0,0,1,0,0,0,0,1,0,0,0,1,1,1,1,1,1,0,1,0,1,0,1,0,1,1,0,0,1,1,0,0,1,1,0,0,0,1,1,1,1,0,0,1,0,1,1,0,0,0,1,0.2631578947368421,-15537088.0,1
37,1,1,0,0,1,1,0,1,0,0,1,0,0,1,0,1,1,0,0,0,1,1,0,0,1,1,0,0,0,1,1,1,1,0,0,0,1,1,1,1,1,1,0,1,1,1,1,1,0,1,1,0,0,1,1,0,0,1,1,0,0,1,1,1,1,0,1,0,1,0,1,0,0,0,0,1,0.2631578947368421,-14995068.0,1
38,1,1,1,1,1,1,0,1,1,0,1,0,1,1,1,1,0,0,0,0,0,1,0,0,1,0,0,0,1,1,1,0,1,0,0,0,1,1,1,1,1,1,0,1,0,1,1,0,0,1,1,0,1,1,1,0,0,1,1,0,0,0,0,1,1,0,1,0,1,0,1,1,0,0,0,0,0.25,-15377788.0,1
39,1,1,0,1,1,1,0,1,0,0,1,0,1,1,0,1,0,0,0,0,1,1,0,0,1,1,0,0,0,1,1,0,0,0,0,0,1,0,1,1,1,1,0,1,0,1,1,0,0,1,1,0,1,1,1,0,0,1,1,0,0,0,0,1,1,1,0,0,1,0,0,1,0,0,0,1,0.2631578947368421,-15462000.0,1
40,1,1,1,0,1,1,1,1,1,0,1,0,0,1,1,1,1,0,1,0,1,1,1,0,1,0,0,0,1,0,1,0,1,0,0,0,1,1,1,1,1,1,0,1,0,1,0,1,0,0,1,0,0,0,1,0,0,1,1,0,0,0,1,1,1,0,0,0,1,0,1,0,0,0,0,0,0.25,-15615424.0,1
41,1,1,0,0,1,1,1,1,0,0,1,0,0,1,1,1,1,0,0,0,1,1,0,0,1,1,0,1,0,1,0,0,1,0,0,0,0,0,1,1,1,1,0,1,0,1,1,0,0,1,1,0,1,1,1,0,0,1,1,0,0,0,1,1,1,1,1,0,1,0,1,1,0,0,0,1,0.3157894736842105,-14477148.0,1
42,1,1,1,1,1,1,0,1,1,0,1,0,1,1,1,1,1,1,0,0,0,1,0,0,1,1,0,0,0,0,0,0,1,0,0,0,1,1,1,1,1,1,0,1,0,1,1,0,0,1,1,0,0,0,1,0,0,0,1,0,0,0,1,1,1,1,0,0,1,0,1,0,0,0,0,1,0.2368421052631578,-15232368.0,1
43,1,1,0,1,1,1,1,1,0,0,1,0,1,1,1,1,0,0,0,0,0,1,0,0,1,1,0,0,0,0,1,0,1,0,0,0,1,1,1,1,1,1,0,1,0,1,1,0,0,1,1,0,1,1,1,0,0,1,1,0,0,1,1,1,1,0,1,0,1,0,1,1,0,0,0,1,0.3026315789473684,-14850108.0,1
44,1,1,0,1,1,1,0,1,0,0,1,0,1,1,1,1,1,0,1,0,1,1,0,0,1,1,0,0,0,1,1,0,1,0,0,0,1,0,1,1,1,1,0,1,0,1,1,1,0,1,1,0,0,1,1,0,0,1,1,0,0,0,1,1,1,0,0,0,1,0,1,0,0,0,0,1,0.2368421052631578,-14913280.0,1
45,1,1,0,1,1,1,0,1,0,0,1,0,1,0,1,1,1,0,1,0,1,1,0,0,1,1,0,0,0,1,1,0,1,0,0,0,0,1,1,1,1,1,0,1,0,1,1,0,0,0,1,0,1,1,1,0,0,1,1,0,0,0,0,1,1,1,1,0,1,0,0,0,0,0,0,0,0.2631578947368421,-15453424.0,1
46,0,0,1,1,0,0,1,0,0,1,0,1,1,0,1,1,1,1,1,1,0,0,1,0,0,0,1,0,0,0,0,1,0,1,1,1,0,1,0,0,0,0,0,0,1,0,1,1,1,1,0,1,0,0,0,1,1,1,0,1,1,1,0,0,0,1,0,1,0,1,1,1,1,1,1,0,0.2236842105263158,-15716124.0,1
47,1,1,1,0,1,1,0,1,0,0,1,0,0,1,1,1,0,0,1,1,1,1,0,0,1,1,0,1,0,1,1,1,0,0,0,0,1,1,1,1,1,1,0,1,0,1,1,0,0,0,1,0,1,1,1,0,0,1,1,0,0,0,1,1,1,0,1,0,1,0,1,0,0,0,0,1,0.25,-15088924.0,1
48,1,1,1,1,1,1,0,1,0,0,1,0,0,1,1,1,0,0,0,0,1,1,0,0,1,1,0,0,0,0,1,1,0,0,0,0,1,0,1,1,1,1,0,0,0,1,1,1,0,0,1,0,0,1,1,0,0,1,1,0,0,0,1,1,1,1,0,0,1,0,1,1,0,0,0,1,0.2631578947368421,-15363100.0,1
49,1,1,1,0,1,1,1,1,1,0,1,0,1,1,1,1,0,0,1,0,1,1,0,0,1,1,0,1,0,0,0,0,1,0,0,0,0,0,1,1,1,1,0,1,0,1,1,0,0,1,1,0,0,0,1,0,0,1,1,0,0,0,1,0,1,1,0,0,1,0,0,1,0,0,1,1,0.2368421052631578,-15088924.0,1
50,1,1,0,0,1,1,0,1,1,0,1,0,0,1,1,1,0,0,1,1,1,1,0,0,1,1,0,1,1,0,1,0,1,0,0,0,1,0,1,1,1,1,0,1,0,1,1,1,0,1,1,0,1,0,1,0,0,1,1,0,0,1,1,1,1,0,1,0,1,0,0,1,0,0,0,1,0.2763157894736842,-15438108.0,1
51,1,1,0,0,1,1,0,1,0,0,1,0,1,1,1,1,0,0,1,0,1,1,0,0,1,0,1,1,1,1,1,0,1,0,0,0,0,1,1,1,1,1,0,1,0,1,1,1,0,1,1,0,0,1,1,0,0,1,1,0,0,0,0,1,1,1,1,0,1,0,1,0,0,0,0,1,0.2631578947368421,-15282624.0,1
52,1,1,0,1,1,0,0,1,0,0,1,0,1,1,1,1,1,0,0,0,1,1,0,0,1,1,0,1,1,0,1,0,0,0,0,1,1,1,1,1,1,1,0,1,0,1,1,1,0,1,1,0,1,0,1,0,0,1,1,0,0,0,1,1,1,1,1,0,0,0,0,0,0,0,0,1,0.2631578947368421,-15185520.0,1
53,1,1,0,0,1,1,1,1,1,0,1,0,0,1,1,1,0,0,0,0,1,1,0,0,1,1,0,1,0,0,1,0,0,0,0,0,1,1,1,1,1,1,0,1,0,1,1,1,0,1,1,0,1,1,1,0,0,1,1,0,0,1,1,1,1,1,0,0,1,0,0,0,0,1,0,1,0.2894736842105263,-14887548.0,1
54,1,1,1,1,1,1,1,1,0,0,1,0,0,1,1,1,1,0,0,0,1,1,0,0,1,1,0,0,0,0,1,0,1,0,0,0,1,1,1,1,1,1,0,1,0,1,0,0,0,1,1,0,0,1,1,0,0,1,1,0,0,0,1,1,1,1,0,1,1,0,0,1,0,0,0,1,0.2894736842105263,-15194460.0,1
55,0,0,1,1,0,0,1,0,0,1,0,1,0,0,0,1,1,1,0,1,0,0,1,0,1,0,1,1,0,0,0,1,0,1,1,1,1,1,0,0,0,0,0,1,1,0,0,1,1,1,0,1,0,1,0,1,1,0,0,1,1,1,0,0,0,1,0,1,1,1,1,0,1,1,1,0,0.2236842105263158,-15689328.0,1
56,1,1,0,0,1,1,0,1,0,0,1,0,0,1,1,1,1,0,0,0,1,1,1,0,0,1,0,1,1,1,1,1,1,0,0,0,1,0,1,1,1,1,0,1,0,1,1,0,0,1,1,0,1,1,1,0,0,1,1,0,0,0,1,1,1,1,1,0,1,0,0,1,0,0,0,1,0.2631578947368421,-15039424.0,1
57,1,1,0,0,1,1,1,1,0,0,1,0,1,1,0,1,1,0,0,0,1,1,0,0,1,1,0,1,0,1,1,0,1,0,0,0,1,0,1,1,1,1,0,1,0,1,0,0,0,1,1,0,1,1,1,0,0,1,1,0,0,0,1,1,1,0,0,0,1,0,1,1,0,0,0,1,0.2763157894736842,-15098608.0,1
58,1,1,1,1,1,1,0,1,0,0,1,0,0,0,1,1,1,0,0,0,1,1,0,0,1,0,0,0,1,1,1,0,1,0,0,0,1,1,1,1,1,1,0,1,1,1,0,0,0,1,1,0,0,0,1,0,0,1,1,0,0,0,1,1,1,1,1,0,1,0,0,0,0,0,0,1,0.2763157894736842,-15599100.0,1
59,1,1,1,1,1,1,0,1,0,0,1,0,0,0,1,1,1,0,0,0,1,1,0,1,1,1,0,0,0,1,1,0,1,0,0,0,1,0,1,1,1,1,0,1,0,1,1,1,0,1,1,0,0,1,1,0,0,1,1,0,0,0,1,1,1,0,1,0,1,0,1,1,0,0,0,1,0.2763157894736842,-15098608.0,1
60,1,1,0,1,1,1,0,1,1,0,1,0,0,1,0,1,1,0,0,0,0,1,0,0,1,1,0,0,0,0,1,0,0,0,0,0,0,0,1,1,1,1,0,1,0,1,1,1,0,1,1,0,0,1,1,0,0,1,1,0,0,1,1,1,1,0,1,0,0,0,1,0,0,0,0,1,0.2631578947368421,-15380208.0,1
61,0,0,1,1,0,0,1,0,1,1,0,1,0,0,1,1,0,1,0,1,0,0,1,1,1,0,1,1,0,1,0,1,0,1,1,1,0,0,0,0,0,0,1,0,1,0,1,1,1,0,0,1,1,1,0,1,1,1,0,1,1,1,0,0,0,0,0,1,0,1,0,0,0,1,1,0,0.25,-15581808.0,1
62,1,1,1,0,1,1,0,1,0,0,1,0,1,1,1,1,1,0,0,0,0,1,0,0,1,0,0,1,1,0,1,0,0,0,0,0,1,0,1,1,1,1,0,1,0,1,0,0,0,1,1,0,0,1,1,0,0,1,1,0,0,0,1,1,1,1,1,0,1,0,0,0,0,0,0,0,0.2763157894736842,-15704220.0,1
63,1,1,0,1,1,1,1,1,1,0,1,0,0,1,1,1,1,1,0,0,1,1,0,0,1,1,1,1,1,1,1,0,1,0,0,0,1,1,1,1,1,1,0,1,0,1,1,0,0,0,1,0,1,1,1,0,0,1,1,0,0,0,1,1,1,0,1,0,0,0,1,0,0,0,0,1,0.2631578947368421,-13840624.0,1
64,1,1,0,0,1,1,0,1,0,0,1,0,1,0,1,1,1,1,0,0,1,1,0,0,1,1,0,0,1,1,1,1,0,0,0,0,1,1,1,1,1,1,0,1,0,1,1,1,0,1,1,0,1,1,1,0,0,1,1,0,0,0,1,1,1,0,1,0,1,0,0,1,0,0,0,0,0.2368421052631578,-15542524.0,1
65,1,1,1,1,1,1,0,1,0,0,1,1,0,1,1,1,0,0,0,0,1,1,0,0,1,1,0,0,1,1,1,0,1,0,0,0,1,1,1,1,1,1,0,1,0,1,1,0,0,0,1,0,0,0,1,0,0,1,1,0,0,0,0,1,1,0,0,0,1,0,0,0,0,0,0,1,0.2763157894736842,-15510768.0,1
66,1,1,0,1,1,1,0,1,0,0,1,0,1,1,0,1,0,0,1,0,1,1,0,0,0,1,0,0,0,1,1,0,1,0,0,0,1,1,1,1,1,1,0,1,1,1,1,0,0,1,1,0,1,1,1,0,0,1,1,0,0,0,0,1,1,1,1,0,1,0,0,0,0,0,1,0,0.2631578947368421,-15167424.0,1
67,1,1,0,0,1,1,1,1,0,0,1,0,0,1,1,1,1,0,0,0,0,1,0,0,1,1,0,1,0,0,1,1,0,0,0,0,1,0,1,1,1,1,0,1,0,1,1,0,0,0,1,0,0,1,1,0,0,1,1,0,0,0,1,1,1,1,1,0,0,0,0,1,0,1,0,1,0.2763157894736842,-15062748.0,1
68,1,1,0,0,1,1,1,1,0,0,1,0,0,1,1,1,0,1,0,0,1,1,0,0,1,1,0,1,0,1,1,0,1,0,0,0,0,1,1,1,1,1,1,1,0,1,1,0,0,0,1,0,1,1,1,0,0,1,1,0,0,0,0,1,1,1,1,0,1,0,1,1,0,0,0,1,0.2763157894736842,-14756988.0,1
69,1,1,1,0,1,1,1,1,0,0,1,0,0,1,1,1,0,0,0,0,1,1,0,0,1,1,0,0,0,0,1,0,0,0,0,0,1,0,1,1,1,1,0,1,0,1,1,1,0,1,1,0,1,1,1,0,0,0,1,0,0,0,1,1,1,1,0,0,0,0,1,1,0,0,0,1,0.25,-15343068.0,1
70,1,1,1,0,1,1,1,1,0,0,1,0,1,1,1,1,0,1,1,0,1,1,0,0,1,0,0,1,0,0,1,0,1,0,0,0,1,1,1,1,1,1,1,0,0,1,1,0,0,0,1,0,1,1,1,0,0,1,1,0,0,1,0,1,1,0,1,0,1,0,1,1,0,0,0,1,0.25,-15396924.0,1
71,1,1,1,0,1,1,1,1,1,0,1,0,0,1,1,1,0,0,0,0,1,1,0,0,1,0,0,1,1,0,1,1,1,0,0,0,1,0,1,1,1,1,0,1,0,1,1,1,0,1,1,0,1,1,1,0,0,1,1,0,0,1,1,1,1,1,1,0,1,0,0,0,0,0,0,1,0.2763157894736842,-15032688.0,1
72,1,1,1,0,1,1,0,1,0,0,1,0,0,1,1,1,1,0,0,0,1,1,1,0,0,0,0,1,0,1,1,0,0,0,0,0,1,1,1,1,1,1,0,1,0,1,1,1,0,0,1,0,0,0,1,0,0,1,1,0,0,0,0,1,1,1,1,0,1,0,1,1,0,0,0,1,0.2368421052631578,-15482880.0,1
73,0,0,0,1,0,0,1,0,0,1,0,1,0,0,1,1,1,0,0,1,0,0,1,0,0,1,1,0,0,0,0,1,0,1,1,1,1,1,0,0,0,0,1,0,1,0,0,1,1,1,0,1,0,1,0,1,1,0,0,1,1,1,0,0,0,1,1,1,0,1,0,1,0,1,1,0,0.2368421052631578,-15743728.0,1
74,1,1,0,0,1,1,0,1,1,0,1,0,0,1,0,1,0,0,0,0,1,1,0,0,1,1,0,1,0,1,1,0,1,0,0,0,1,0,1,1,1,1,0,1,0,1,0,0,0,1,1,0,0,1,1,0,0,0,1,0,1,0,1,1,1,1,0,0,0,0,1,1,0,0,0,0,0.25,-15360624.0,1
75,0,0,1,0,0,0,1,0,0,1,0,1,1,0,0,1,1,0,1,1,0,0,1,1,1,0,1,0,0,0,0,1,1,1,1,1,0,0,0,0,0,0,0,0,1,0,1,1,1,1,0,1,1,0,0,1,1,0,0,1,1,1,0,0,0,0,1,1,0,1,0,1,1,1,1,0,0.2105263157894736,-15675328.0,1
76,1,1,0,1,1,1,0,1,0,0,1,0,0,1,1,1,1,0,0,0,1,1,0,0,1,1,0,0,0,0,1,0,1,0,0,0,1,1,1,1,1,1,0,1,0,1,1,1,0,0,1,0,0,1,1,0,0,1,1,0,0,1,0,1,1,1,0,0,1,0,0,0,0,0,0,1,0.3026315789473684,-15380208.0,1
77,0,0,0,0,0,0,1,0,0,1,0,1,0,0,0,1,1,1,0,0,1,0,0,1,0,1,1,1,0,1,0,1,0,1,1,1,0,0,0,0,0,0,0,1,1,0,1,1,1,1,0,1,1,1,0,1,1,0,0,1,0,1,0,0,0,1,0,1,0,1,1,0,1,1,1,0,0.25,-15566940.0,1
78,1,1,1,1,1,1,0,1,0,0,1,0,0,0,0,1,0,0,1,0,1,1,0,0,1,0,0,0,1,1,1,0,0,0,0,0,1,1,1,1,1,1,0,1,1,1,1,0,0,1,1,0,1,1,1,0,0,1,1,0,0,0,1,1,1,1,1,0,1,0,1,0,0,0,0,1,0.2631578947368421,-15385024.0,1
79,1,1,0,1,1,1,0,1,0,0,1,0,1,1,0,1,1,0,0,0,1,1,0,0,1,0,0,1,0,1,1,1,0,0,0,0,1,0,1,1,1,1,0,1,0,1,1,1,0,1,1,0,0,1,1,0,0,1,1,0,0,0,0,1,1,0,1,0,1,0,1,0,0,1,0,1,0.2631578947368421,-15226624.0,1
80,1,1,0,1,1,1,1,1,0,0,1,0,1,1,1,1,1,0,0,0,1,1,0,0,1,1,0,1,0,0,1,0,1,0,0,0,1,0,1,1,1,1,0,1,0,1,1,1,0,1,1,0,1,0,1,0,0,1,1,0,1,0,1,1,1,1,1,0,0,0,0,1,0,0,0,1,0.2368421052631578,-14642524.0,1
81,1,1,0,1,1,1,0,1,1,0,1,0,1,1,1,1,1,0,0,0,1,1,0,0,1,0,0,1,0,1,1,0,0,0,0,0,1,1,1,1,1,1,0,1,1,1,1,0,0,1,1,0,1,1,1,0,0,1,1,0,0,0,1,1,1,1,0,0,1,0,0,1,0,0,0,1,0.3157894736842105,-14582940.0,1
82,1,1,0,1,1,1,1,1,0,0,1,0,1,1,1,1,1,0,1,0,0,1,0,0,1,0,0,0,0,0,1,1,0,0,0,0,1,1,1,1,1,1,0,1,0,1,1,0,0,1,1,0,1,1,1,0,0,1,1,0,0,0,1,1,1,1,1,0,1,0,1,0,0,0,0,0,0.2631578947368421,-14952924.0,1
83,1,1,1,1,1,1,0,1,0,0,1,0,1,0,0,1,1,0,0,0,0,1,0,1,1,0,0,0,0,0,0,0,1,0,0,0,1,0,1,1,1,1,0,1,0,1,1,0,0,0,1,0,1,1,1,0,0,1,1,0,1,1,1,1,1,1,1,0,1,0,0,1,0,0,0,0,0.2631578947368421,-15561840.0,1
84,0,0,1,0,0,0,1,0,0,1,0,1,0,1,1,1,1,1,1,1,1,0,1,0,0,1,1,1,0,1,1,1,0,1,1,1,0,1,0,0,0,0,0,1,1,0,0,0,1,0,0,1,1,1,0,1,1,0,0,1,1,1,0,0,0,0,1,1,0,1,0,0,0,1,1,0,0.2763157894736842,-15645168.0,1
85,0,0,1,0,0,0,1,0,0,1,0,1,1,0,0,1,0,1,1,1,0,0,0,1,0,0,1,0,1,0,0,1,0,1,1,1,1,1,0,0,0,0,0,0,1,0,1,0,1,0,0,1,1,1,0,1,1,0,0,1,1,1,0,0,0,1,0,1,0,1,0,0,0,1,1,0,0.2368421052631578,-15666624.0,1
86,1,1,1,1,1,1,1,1,1,0,1,0,1,1,0,1,1,0,0,0,1,1,1,0,0,0,0,1,0,0,1,0,1,0,0,0,0,1,1,1,1,1,1,1,0,1,1,1,0,0,1,0,1,0,1,0,0,1,1,0,0,0,1,1,1,1,1,0,1,0,1,1,0,0,0,1,0.2763157894736842,-14963568.0,1
87,1,1,1,0,1,1,0,1,1,0,1,0,1,0,0,1,1,1,0,0,1,1,0,0,1,1,0,1,1,0,1,0,0,0,0,0,1,1,1,1,1,1,0,1,0,1,1,0,0,1,1,0,0,1,1,0,0,1,1,0,0,0,1,1,1,1,1,0,1,0,1,0,0,0,0,1,0.2894736842105263,-15424668.0,1
88,1,1,0,1,1,1,0,1,0,0,1,0,1,0,1,1,0,0,0,0,0,1,0,0,1,1,0,1,1,0,1,0,0,0,0,0,1,1,1,1,1,1,0,1,0,1,1,0,0,0,1,0,1,1,1,0,0,1,1,0,0,0,1,1,1,1,1,0,0,0,1,0,0,0,0,0,0.2763157894736842,-15392188.0,1
89,0,0,0,0,0,0,1,0,0,1,0,1,0,0,1,1,1,1,1,1,0,0,0,1,0,1,1,1,0,0,0,1,0,1,1,1,0,0,0,0,0,0,0,1,1,0,1,0,1,1,0,1,1,1,0,1,1,0,0,1,1,0,0,0,0,1,0,1,1,1,1,1,0,1,1,0,0.2763157894736842,-15616860.0,1
90,1,1,0,1,1,1,0,1,1,0,1,0,0,1,1,1,0,1,1,0,0,1,0,0,1,0,0,1,1,0,1,0,1,0,0,0,1,1,1,1,1,1,0,1,0,1,1,0,0,0,1,0,0,1,1,0,0,1,1,0,0,0,0,1,1,1,0,0,1,0,1,0,0,0,0,1,0.2763157894736842,-15298800.0,1
91,1,1,1,1,1,1,0,1,0,0,1,0,0,1,1,1,1,0,1,0,1,1,0,0,1,1,0,0,0,1,1,0,0,0,0,0,1,1,1,1,1,1,0,1,0,1,1,0,0,0,1,0,0,1,1,0,0,1,1,0,1,0,1,1,1,1,0,0,1,0,0,1,0,0,0,1,0.25,-14876400.0,1
92,0,0,0,1,0,0,1,0,1,1,0,1,1,0,0,1,1,1,1,1,0,0,1,1,0,0,1,1,1,1,0,0,0,1,1,1,1,1,0,0,0,0,0,1,1,0,1,1,1,1,0,1,0,0,0,1,1,0,0,1,1,0,0,0,0,0,0,1,0,1,1,1,1,1,1,0,0.2631578947368421,-15560124.0,1
93,1,1,0,1,1,1,1,1,1,0,1,0,1,1,0,1,1,0,1,0,0,1,0,0,1,0,0,1,0,0,1,0,1,0,0,0,1,1,1,1,1,1,0,1,0,1,1,1,0,0,1,0,0,0,1,0,0,1,1,0,0,0,1,1,1,1,0,0,1,0,0,0,0,0,0,0,0.2763157894736842,-15182524.0,1
94,1,1,0,1,1,1,0,1,0,0,1,0,0,1,1,1,1,0,0,0,1,1,0,0,1,0,0,0,0,1,1,0,1,0,0,0,1,1,1,1,1,1,0,1,0,1,0,0,0,1,1,0,0,0,1,0,0,1,1,0,1,0,1,1,1,1,1,0,0,1,0,1,0,0,0,1,0.25,-15277168.0,1
95,1,1,1,0,1,1,1,1,0,0,1,0,1,1,1,1,0,0,0,0,1,1,0,0,1,0,0,1,1,1,1,1,0,0,0,0,1,1,1,1,1,1,0,1,0,1,0,0,0,1,1,0,1,1,1,0,0,1,1,0,0,0,1,1,1,1,1,0,1,0,1,0,0,0,0,1,0.3026315789473684,-15056124.0,1
96,1,1,0,1,1,1,0,1,1,0,1,0,1,1,0,1,1,0,0,0,0,1,0,0,1,0,0,1,1,1,1,0,1,0,0,0,0,1,1,1,1,1,0,1,0,1,1,1,0,1,1,0,0,1,1,0,0,1,1,0,0,0,1,1,1,1,0,0,0,0,0,0,0,0,0,1,0.2236842105263158,-15139740.0,1
97,0,0,0,0,0,0,1,0,0,1,0,1,0,1,1,1,1,1,0,1,0,0,1,1,0,0,1,1,0,0,0,1,0,1,1,1,0,0,0,0,0,0,0,0,1,0,1,0,1,1,0,1,0,1,0,1,1,0,0,1,1,1,0,0,0,1,1,1,0,1,0,0,1,1,1,1,0.25,-15681520.0,1
98,0,0,0,0,0,0,1,0,0,1,0,1,0,1,1,1,1,1,1,0,0,0,1,1,0,1,1,1,0,0,1,1,0,1,1,1,0,0,0,0,0,0,0,1,1,0,1,1,1,0,0,1,0,0,0,1,1,0,0,1,1,1,0,0,0,1,0,1,0,1,1,1,0,1,1,0,0.2236842105263158,-15470448.0,1
99,1,1,1,0,1,1,1,1,1,0,1,0,1,1,1,1,1,0,0,0,1,1,0,0,1,1,0,1,0,1,1,0,0,0,0,0,1,1,1,1,1,1,1,1,0,1,1,0,0,1,1,0,1,1,1,0,0,1,1,0,0,0,1,1,1,1,0,0,1,0,0,1,0,0,0,0,0.2894736842105263,-14472640.0,1
100,1,1,0,1,1,1,0,1,0,0,1,0,1,1,0,1,1,0,0,0,1,1,1,0,1,0,0,0,0,0,0,0,0,0,0,0,0,1,1,1,1,1,0,1,0,1,0,0,0,0,1,0,0,0,1,0,0,1,1,0,0,0,0,1,1,1,1,0,1,0,1,0,0,0,0,1,0.25,-15743088.0,1
101,1,1,0,1,1,1,0,1,1,0,1,0,0,1,1,1,1,0,1,0,1,1,0,0,1,0,0,1,1,0,1,0,0,0,0,0,1,0,1,1,1,1,0,1,0,1,1,1,0,1,1,0,1,1,1,0,0,1,1,0,0,0,1,1,1,1,1,0,0,0,1,1,0,0,0,0,0.2894736842105263,-15117760.0,1
102,1,1,0,0,1,1,1,1,1,0,1,0,1,1,0,1,1,0,0,0,1,1,0,0,1,0,0,1,0,0,1,0,0,0,0,0,0,0,1,1,1,1,0,1,0,1,1,0,0,1,1,0,0,1,1,0,0,1,1,0,1,1,1,1,1,0,1,0,1,0,1,1,0,0,0,1,0.2763157894736842,-15025920.0,1
103,1,1,1,1,1,1,0,1,0,0,1,0,1,1,1,1,0,0,1,0,0,1,0,0,1,0,0,0,1,0,1,1,1,0,0,0,1,0,1,1,1,1,0,1,0,1,0,0,0,0,1,0,0,0,1,0,0,1,1,0,0,0,0,1,1,1,1,0,1,0,1,1,0,0,1,0,0.2763157894736842,-15633468.0,1
104,1,1,1,0,1,1,0,1,1,0,1,0,1,0,0,1,1,0,0,0,1,1,1,0,1,1,0,1,1,0,1,0,1,0,0,0,0,0,1,1,1,1,0,0,0,1,1,0,0,1,1,0,1,0,1,0,0,1,1,0,0,0,0,1,1,0,1,0,1,0,1,0,0,1,1,1,0.2631578947368421,-15653820.0,1
105,1,1,1,0,1,1,1,1,1,0,1,0,0,1,1,1,1,0,1,0,0,1,0,0,1,0,0,1,0,1,1,0,1,0,0,0,0,1,1,1,1,1,0,1,0,1,1,0,0,0,1,0,0,1,1,0,0,1,1,0,0,0,1,1,1,1,1,0,1,0,0,0,0,1,1,1,0.2763157894736842,-14569968.0,1
106,1,1,1,1,1,1,0,1,0,0,1,0,1,1,0,1,1,0,0,1,0,1,1,0,1,0,0,1,0,1,0,1,1,0,0,0,1,0,1,1,1,1,0,1,0,1,1,0,0,1,1,0,0,1,1,0,0,1,1,0,0,0,0,1,1,0,0,0,0,0,0,1,0,0,0,1,0.2763157894736842,-15442524.0,1
107,0,0,0,0,1,0,1,0,0,1,0,1,0,0,1,1,1,1,0,1,0,0,1,1,0,1,1,1,0,1,0,1,1,1,1,1,0,1,0,0,0,0,0,0,1,0,1,1,1,1,0,1,1,1,0,1,1,0,0,1,0,0,1,0,0,1,1,1,0,1,0,1,1,0,1,0,0.2631578947368421,-15542524.0,1
108,1,1,0,1,1,1,0,1,0,0,1,0,0,1,0,1,0,0,1,0,0,1,0,0,1,0,0,0,1,1,1,0,0,0,0,0,1,0,1,1,1,1,1,1,0,1,1,1,0,1,1,0,1,0,1,0,0,1,1,0,0,0,1,1,1,1,1,0,1,0,1,0,0,0,0,0,0.2763157894736842,-15499008.0,1
109,0,0,0,0,0,0,1,0,1,1,0,1,0,0,0,1,1,1,1,0,1,0,1,0,0,1,1,0,0,0,0,1,0,1,1,1,0,0,0,0,0,0,1,0,1,0,1,1,1,0,0,1,1,0,0,1,1,0,0,1,1,0,0,0,0,0,1,1,0,1,1,1,0,1,1,0,0.25,-15679488.0,1
110,1,1,0,0,1,1,0,1,1,0,1,0,1,1,1,1,0,0,1,0,0,1,0,0,0,0,0,1,0,0,1,1,0,0,0,0,1,1,1,1,1,1,1,1,0,1,0,0,0,1,1,0,1,1,1,0,0,1,1,0,0,0,1,1,1,0,0,0,1,0,0,0,0,0,1,1,0.2236842105263158,-15678460.0,1
111,1,1,1,1,1,1,0,1,1,0,1,0,1,0,1,1,0,0,0,0,1,1,0,0,0,1,0,0,0,0,1,0,0,0,0,0,1,1,1,1,1,1,1,1,0,1,0,0,0,1,1,0,1,0,1,0,0,1,1,0,0,0,0,1,1,1,0,0,1,0,1,0,0,0,0,1,0.2763157894736842,-15724288.0,1
112,1,1,0,0,1,1,1,1,1,0,1,0,0,1,1,1,0,0,0,0,1,1,0,0,1,1,0,0,0,0,1,0,1,0,0,0,1,1,1,1,1,1,0,1,0,1,1,1,0,1,1,0,0,1,1,0,0,1,1,0,0,0,1,1,1,0,0,0,1,0,1,1,0,0,0,0,0.3157894736842105,-15277168.0,1
113,1,1,1,0,1,1,1,1,1,0,1,0,1,1,0,1,0,0,0,0,1,1,0,0,1,0,0,1,1,0,1,1,0,0,0,0,0,0,1,1,1,1,0,1,1,1,1,0,0,1,1,0,1,1,1,0,0,1,1,0,1,0,1,1,1,0,0,0,1,0,1,1,0,0,0,1,0.3026315789473684,-14942208.0,1
114,1,1,0,0,1,1,1,1,1,0,1,0,1,0,0,1,1,0,1,0,1,1,0,0,1,1,0,1,1,0,1,0,1,0,0,0,1,1,1,1,1,1,1,1,0,1,1,0,0,1,1,0,0,0,1,0,0,0,1,0,0,0,1,1,1,1,0,0,1,0,1,0,0,0,0,0,0.25,-15268924.0,1
115,1,1,0,1,1,1,0,1,0,0,1,0,1,1,1,1,0,0,0,0,1,1,0,0,1,1,0,0,1,0,1,0,1,0,0,0,0,0,1,1,1,1,1,1,0,1,1,1,0,0,1,0,0,1,1,0,0,1,1,0,0,0,0,1,1,1,1,0,1,0,0,1,0,0,0,1,0.2894736842105263,-15524124.0,1
116,1,1,0,1,1,1,0,1,0,0,1,0,1,1,1,1,0,0,0,0,1,1,0,0,1,1,0,0,0,1,0,0,1,0,0,0,1,1,1,1,1,1,0,1,0,1,1,0,0,1,1,0,0,1,1,0,0,1,1,0,0,0,0,1,1,1,1,0,1,0,1,0,0,0,1,1,0.3157894736842105,-14938620.0,1
117,0,0,1,0,0,0,1,0,0,1,0,1,0,0,1,1,1,1,0,1,1,0,1,0,0,1,1,1,0,0,1,1,0,1,1,1,0,1,0,0,0,0,0,1,1,0,1,0,1,0,0,1,1,1,0,1,1,0,0,1,1,1,0,0,0,1,1,1,0,1,0,1,0,1,1,0,0.25,-15689328.0,1
118,1,1,0,1,1,1,0,1,0,0,1,0,0,1,0,1,1,1,0,0,1,1,0,0,1,0,0,1,0,0,0,0,1,0,0,0,1,1,1,1,1,1,0,1,0,1,1,0,0,1,1,0,1,1,1,0,0,1,1,0,0,1,1,1,1,1,1,0,1,0,1,0,0,0,0,1,0.2631578947368421,-15217948.0,1
119,1,1,0,1,1,1,1,1,0,0,1,0,0,1,1,1,1,0,1,0,1,1,0,0,1,1,0,1,1,0,0,1,1,0,0,0,1,1,1,1,1,1,0,0,0,1,0,0,0,1,1,0,1,0,1,0,0,1,1,0,0,0,1,1,1,1,1,0,1,0,1,0,0,1,0,1,0.3026315789473684,-14981148.0,1
120,1,1,0,0,1,1,1,1,1,0,1,0,0,1,0,1,1,0,0,0,0,1,0,1,1,1,0,1,1,1,1,1,1,0,0,0,1,1,1,1,1,1,1,1,0,1,1,0,0,1,1,0,0,1,1,0,0,1,1,0,0,0,0,1,1,0,1,0,1,0,1,0,0,0,0,1,0.3026315789473684,-14543808.0,1
121,1,1,0,0,1,1,0,1,0,0,1,0,1,1,1,1,1,0,0,0,1,1,0,0,1,0,0,1,1,1,1,0,0,0,0,0,1,1,1,1,1,1,0,1,0,1,1,1,0,1,1,0,1,1,1,0,0,1,1,0,0,0,0,1,1,1,0,0,1,0,1,0,0,0,0,1,0.2631578947368421,-15268924.0,1
122,1,1,0,1,0,1,0,1,1,0,1,0,0,1,1,1,1,0,0,0,0,1,0,0,1,0,0,0,1,0,1,0,1,0,0,0,1,1,1,1,1,0,1,1,0,1,1,0,0,1,1,0,0,1,1,0,0,1,1,0,0,0,1,1,1,1,1,0,1,0,0,0,0,0,0,1,0.2368421052631578,-15544320.0,1
123,1,1,1,1,1,1,0,1,0,0,1,0,0,1,1,1,1,0,1,0,1,1,0,0,1,1,0,0,0,0,1,0,1,0,0,0,1,1,1,1,1,1,1,1,0,1,0,1,0,1,1,0,1,1,1,0,0,1,1,0,0,0,1,1,1,0,1,0,1,0,1,0,1,0,0,1,0.3026315789473684,-15435888.0,1
124,1,1,0,0,1,1,1,1,0,1,1,0,1,1,1,1,1,0,0,0,1,1,0,0,0,1,0,1,1,1,0,0,1,0,0,0,1,1,1,1,1,1,0,1,0,1,1,0,0,1,1,0,1,1,1,0,0,1,1,0,1,0,1,1,1,0,1,0,1,0,0,1,0,0,1,1,0.2763157894736842,-13705840.0,1
125,1,1,1,0,1,1,0,1,1,0,1,0,1,1,0,1,1,0,0,0,0,1,0,0,0,1,0,1,0,0,1,1,0,0,0,0,1,0,1,1,1,1,1,1,0,1,1,1,0,1,1,0,0,0,1,0,0,1,1,0,0,0,1,1,1,0,0,0,1,0,0,1,0,1,1,0,0.2763157894736842,-15506880.0,1
126,1,1,1,1,1,0,0,1,0,0,1,0,0,1,0,1,1,0,0,0,1,1,0,0,1,0,0,1,0,1,1,1,1,0,0,0,1,1,1,1,1,1,0,1,0,1,1,1,0,1,1,0,0,1,1,0,0,1,1,0,0,0,1,0,1,1,1,0,1,0,1,0,0,0,0,0,0.2763157894736842,-15142848.0,1
127,1,1,0,0,1,1,1,1,0,0,1,0,1,1,0,1,0,0,0,0,1,1,0,0,1,1,0,1,0,1,1,0,1,0,0,0,1,0,1,1,1,1,0,1,0,1,1,0,0,0,1,0,1,0,1,0,0,1,1,0,0,0,0,1,1,0,1,0,1,0,1,1,0,0,0,1,0.2631578947368421,-15260608.0,1
128,1,1,0,0,1,1,1,1,0,0,1,0,1,1,0,1,1,0,0,0,1,1,0,0,1,0,0,1,1,1,1,1,0,0,0,0,1,1,1,1,1,1,0,0,0,1,0,0,0,1,1,0,0,1,1,0,0,1,1,0,0,0,1,1,1,1,0,0,1,0,0,1,0,0,0,1,0.2894736842105263,-15415548.0,1
129,1,1,0,1,1,1,1,1,1,0,1,0,0,1,1,1,1,0,1,0,1,1,0,0,0,1,0,1,0,0,1,0,1,0,0,0,0,0,1,1,1,1,1,1,0,1,1,1,0,1,1,0,0,1,1,0,0,1,1,0,0,0,0,1,1,1,1,1,1,0,1,0,0,1,1,1,0.2894736842105263,-14111740.0,1
130,1,1,0,0,1,1,1,1,0,0,1,0,1,1,1,1,1,1,1,0,0,1,0,0,1,0,0,1,0,1,1,1,0,0,0,0,1,1,1,1,1,1,0,1,0,1,0,0,0,1,1,0,1,1,1,0,0,1,1,0,0,0,1,1,1,0,0,0,0,0,0,1,0,0,0,1,0.2763157894736842,-15340528.0,1
131,0,0,0,0,0,0,1,0,0,1,0,1,0,0,1,1,1,1,1,1,0,0,1,1,0,1,1,0,0,0,1,1,0,1,1,1,1,1,0,0,0,0,0,0,1,0,0,1,1,0,0,1,1,1,0,1,1,1,0,1,1,1,0,0,0,1,1,1,0,1,0,1,0,1,1,0,0.25,-15743260.0,1
132,1,1,1,1,1,1,0,1,1,0,1,0,0,0,1,1,1,0,0,0,1,1,0,0,1,1,0,0,1,0,1,0,0,0,0,0,1,1,1,1,1,1,0,1,0,1,1,0,0,1,1,0,1,1,1,0,0,1,1,0,0,0,0,1,1,1,1,0,0,0,0,1,0,0,0,1,0.2763157894736842,-15597568.0,1
133,1,1,0,1,1,1,0,1,1,0,1,0,1,1,0,1,1,0,1,0,1,1,0,0,1,1,0,0,0,0,1,0,1,0,0,0,0,1,1,1,1,1,0,1,0,1,1,0,0,1,1,0,1,1,1,0,0,1,1,0,0,0,1,1,1,0,1,0,0,0,0,0,0,1,0,1,0.2631578947368421,-15502960.0,1
134,1,1,0,1,1,1,0,1,1,0,1,0,1,1,0,1,1,0,0,0,1,1,1,0,1,0,0,0,0,1,0,0,1,0,0,0,1,0,1,1,1,1,1,1,0,1,1,0,0,1,1,0,0,1,1,0,0,1,1,0,0,0,0,1,1,1,1,0,0,0,0,0,0,0,0,1,0.2763157894736842,-15493020.0,1
135,1,1,0,1,1,1,1,1,0,0,1,0,0,1,1,1,1,1,0,0,1,1,0,0,1,0,0,0,0,1,1,0,1,0,0,0,1,1,1,1,1,1,0,1,0,1,1,0,0,0,1,0,0,0,1,0,0,1,1,0,0,1,1,1,1,0,1,0,1,0,1,0,0,0,1,1,0.3157894736842105,-14574300.0,1
136,1,1,1,1,1,1,0,1,0,0,1,0,0,1,0,1,0,1,0,0,0,1,0,0,1,0,0,1,0,1,1,0,1,0,0,0,1,1,1,1,1,1,0,1,0,1,1,0,0,1,1,0,0,1,1,0,0,1,1,0,0,0,1,1,1,1,0,0,0,0,0,1,0,0,1,1,0.2763157894736842,-15200380.0,1
137,1,1,0,0,1,1,1,1,0,0,1,0,1,1,0,1,0,0,0,0,0,1,1,0,1,0,0,1,0,1,0,0,1,0,0,0,1,1,1,1,1,1,1,1,0,1,1,1,0,0,1,0,1,0,1,0,0,1,1,0,0,0,1,1,1,1,1,0,1,0,1,0,0,0,0,1,0.3157894736842105,-15188508.0,1
138,1,1,0,1,1,1,0,1,0,0,1,0,1,1,1,1,1,0,0,0,1,1,0,0,1,1,0,0,0,1,1,1,1,0,0,0,1,1,1,1,1,1,0,1,0,1,1,0,0,1,1,0,1,0,1,0,0,1,1,0,0,0,1,1,1,1,0,0,1,0,0,0,0,1,0,1,0.3157894736842105,-15001980.0,1
139,1,1,0,0,1,1,1,1,1,0,1,0,0,1,1,1,1,1,1,0,1,1,0,0,1,1,0,1,0,0,1,0,0,0,0,0,1,0,1,1,1,1,1,1,0,1,1,1,0,1,1,0,1,1,1,0,0,1,1,0,0,0,0,1,1,1,1,0,1,0,1,1,0,0,0,0,0.3026315789473684,-14853888.0,1
140,1,1,0,0,1,1,1,1,0,0,1,0,1,1,0,1,1,0,0,0,1,1,0,0,1,0,0,1,0,0,0,0,1,0,0,0,1,0,1,1,1,1,0,1,0,1,1,1,0,1,1,0,1,0,1,0,0,1,1,0,0,0,1,1,1,0,1,0,1,0,0,0,0,0,0,1,0.3026315789473684,-15623920.0,1
141,1,1,0,1,1,1,0,1,0,0,1,0,0,1,1,1,0,0,0,0,1,1,0,0,1,0,0,1,1,1,1,0,1,0,0,0,1,1,1,1,1,1,0,1,0,1,1,1,0,1,1,0,0,1,1,0,0,1,1,0,0,0,1,1,1,0,0,0,0,0,1,1,0,0,0,0,0.2763157894736842,-15200380.0,1
142,1,1,0,1,1,1,0,1,0,0,1,0,1,0,1,1,0,0,0,0,1,1,0,0,1,1,0,1,0,1,1,0,1,0,0,0,1,1,1,1,1,1,0,1,0,1,1,0,0,0,1,0,0,0,1,0,0,1,1,0,0,0,1,1,1,1,1,0,1,0,0,0,0,0,0,1,0.2631578947368421,-15298800.0,1
143,1,1,0,1,1,1,0,1,1,0,1,0,1,1,0,1,1,0,0,0,1,1,0,0,1,0,0,0,0,0,1,1,1,0,0,0,1,1,1,1,1,1,0,1,0,1,0,0,0,1,1,0,1,1,1,0,0,1,1,0,0,0,0,1,1,1,1,0,1,0,1,0,0,1,0,1,0.2763157894736842,-15597568.0,1
144,1,1,0,1,1,1,0,1,1,0,1,0,1,1,1,1,1,0,0,0,0,1,0,0,1,0,0,1,0,1,1,0,1,0,0,0,1,1,1,1,1,1,0,1,0,1,0,0,0,1,1,0,1,0,1,0,0,1,1,0,0,0,0,1,1,0,0,0,1,0,1,1,0,0,0,1,0.25,-15415548.0,1
145,1,1,0,0,1,1,1,1,0,0,1,0,0,0,0,1,1,0,1,0,1,1,0,0,1,1,0,1,1,0,1,1,0,0,0,0,1,1,1,1,1,1,0,1,0,1,1,0,0,1,1,0,1,1,1,0,0,0,1,0,0,0,0,1,1,1,1,0,1,0,1,0,0,0,0,1,0.2631578947368421,-15377788.0,1
146,0,0,1,1,0,1,1,0,0,1,0,1,0,0,1,1,0,1,1,1,0,0,1,0,1,1,1,1,0,1,1,0,0,1,1,1,0,1,0,0,0,0,0,1,1,0,0,0,1,1,0,1,1,1,0,1,1,0,0,1,1,0,0,0,0,1,1,1,0,1,1,1,0,1,1,0,0.2368421052631578,-15495024.0,1
147,1,1,1,1,1,1,0,1,1,0,1,0,1,1,1,1,1,0,0,0,1,1,0,1,1,0,0,0,0,0,1,0,0,0,0,0,1,1,1,1,1,1,0,1,0,1,1,0,0,1,1,0,0,0,1,0,0,1,1,0,1,0,0,1,1,1,1,0,1,0,1,1,0,1,0,1,0.3026315789473684,-15223740.0,1
148,0,0,1,0,0,0,1,0,0,1,0,1,0,0,1,1,0,1,1,0,0,0,1,1,1,1,1,1,0,0,0,1,1,1,1,1,0,0,0,0,0,0,0,0,1,0,1,1,1,0,0,1,0,1,0,1,1,0,0,1,1,1,1,0,0,1,0,1,0,1,0,1,1,1,1,0,0.3026315789473684,-15625308.0,1
149,1,1,0,1,1,1,1,1,0,0,1,0,0,1,1,1,1,0,0,0,1,1,1,1,1,1,0,0,1,1,1,0,1,0,0,0,1,1,1,1,1,1,0,1,1,1,1,0,0,1,1,0,1,0,1,0,0,1,1,0,0,0,0,1,1,1,0,0,0,0,1,1,0,0,0,0,0.25,-14202460.0,1
150,1,1,0,1,1,1,0,1,1,0,1,0,0,1,0,1,1,0,0,0,1,1,0,0,1,0,0,1,0,0,1,0,1,0,0,0,1,1,1,1,1,1,0,1,0,1,1,1,0,1,1,0,0,0,1,0,0,1,1,0,1,0,0,1,1,1,0,0,1,0,0,0,0,0,0,1,0.2631578947368421,-15504924.0,1
151,1,1,1,1,1,1,0,1,1,0,1,0,1,0,1,1,0,1,0,1,1,1,0,0,1,1,0,1,0,0,1,0,0,0,0,0,1,1,1,1,1,1,1,1,0,1,0,0,0,1,1,0,0,1,1,0,0,1,1,0,1,0,0,1,1,1,1,0,0,0,0,1,0,0,0,1,0.2368421052631578,-15549660.0,1
152,1,1,0,1,1,1,0,1,1,0,1,0,1,0,1,1,0,0,0,0,1,1,0,0,1,0,0,0,1,1,0,0,1,0,0,0,0,1,1,1,1,1,0,1,0,1,1,0,0,0,1,0,1,1,1,0,0,1,1,0,0,0,1,1,1,0,1,0,1,0,0,0,1,0,0,1,0.3026315789473684,-15575280.0,1
153,1,1,0,1,1,1,1,1,0,0,1,0,0,0,0,1,1,0,1,0,1,1,0,0,1,0,0,1,0,0,1,0,1,0,0,0,1,1,1,1,1,1,1,1,0,1,1,0,0,1,1,0,1,1,1,0,0,1,1,0,0,0,1,1,1,1,0,0,1,0,1,1,0,0,0,0,0.2631578947368421,-15200380.0,1
154,1,1,0,1,1,1,0,1,1,0,1,0,0,0,1,1,1,0,1,0,1,1,0,0,1,1,0,0,0,0,1,0,1,0,0,0,1,1,1,1,1,1,0,1,0,1,1,1,0,1,1,0,0,1,1,0,0,1,1,0,0,0,1,1,1,1,1,0,1,0,0,1,0,0,0,1,0.2763157894736842,-15413248.0,1
155,0,0,1,0,0,0,1,0,1,1,0,1,0,0,0,1,1,1,1,1,0,0,1,1,0,0,1,1,0,0,0,1,0,1,1,1,0,0,0,0,0,0,0,1,1,0,1,1,1,1,0,1,1,0,0,1,1,0,0,1,1,1,0,0,0,1,1,1,0,1,1,0,0,1,1,0,0.2894736842105263,-15723120.0,1
156,1,1,1,0,1,1,1,1,1,0,1,0,1,1,0,1,0,0,0,0,1,1,0,0,1,0,0,1,1,0,1,0,0,0,0,0,1,0,1,1,1,1,1,1,0,1,1,0,0,0,1,0,0,1,1,0,0,1,1,0,1,0,0,1,1,1,1,0,0,0,1,0,0,0,0,0,0.2763157894736842,-15355648.0,1
157,1,1,1,0,1,1,1,1,0,0,1,0,0,1,1,1,0,1,0,0,1,1,0,0,1,0,0,1,0,0,1,1,0,0,0,0,1,0,1,1,1,1,0,1,0,1,1,1,0,1,1,0,1,0,1,0,0,1,1,0,0,0,1,1,1,1,0,0,1,0,1,0,0,0,0,1,0.3026315789473684,-15279900.0,1
158,0,0,1,0,0,0,1,0,0,1,0,1,1,1,0,1,1,1,0,1,0,0,1,0,0,0,1,1,0,1,0,1,0,1,1,1,0,1,0,0,0,0,0,0,1,0,1,0,1,0,0,1,0,1,0,1,1,0,0,1,1,1,1,0,0,0,0,1,0,1,1,1,0,1,1,0,0.2368421052631578,-15612528.0,1
159,1,1,0,0,1,1,0,1,1,0,1,0,1,1,0,1,0,0,1,0,0,1,0,0,1,0,0,1,1,0,1,0,0,0,0,0,1,1,1,1,1,1,0,1,0,1,1,0,0,1,1,0,1,0,1,0,0,1,1,0,0,0,1,1,1,0,1,1,1,0,0,1,0,0,0,1,0.2894736842105263,-15708160.0,1
160,1,1,0,0,1,1,0,1,1,0,1,0,0,1,1,1,0,0,0,0,1,1,0,0,1,0,0,1,0,1,1,0,1,0,0,0,1,1,1,1,1,1,0,1,0,1,1,0,0,1,1,0,1,0,1,0,0,1,1,0,0,0,0,1,1,1,0,0,1,1,0,1,0,0,0,0,0.2236842105263158,-15350640.0,1
161,1,1,0,0,1,1,1,1,0,0,1,0,1,1,1,1,1,0,1,0,1,1,0,0,0,1,0,1,1,0,1,1,1,0,0,0,1,0,1,1,1,1,0,1,0,1,1,0,0,1,1,0,0,1,1,0,0,1,1,0,1,0,1,1,1,1,1,0,1,0,1,1,0,0,0,0,0.3026315789473684,-14490624.0,1
162,1,1,1,0,1,1,0,1,1,0,1,0,1,1,0,1,1,1,0,0,1,1,0,1,1,0,0,1,0,0,1,1,1,0,0,0,1,0,1,1,1,1,0,1,0,1,1,0,0,1,1,0,1,0,1,0,0,1,1,0,0,0,1,1,1,0,0,0,0,0,0,1,0,0,1,1,0.3421052631578947,-15502960.0,1
163,1,1,0,1,1,1,1,1,0,0,0,0,0,1,1,1,1,0,0,0,0,1,1,0,1,0,0,1,1,0,1,1,1,0,0,0,0,1,1,1,1,1,0,1,0,1,1,0,0,1,1,0,1,1,1,0,0,1,1,0,0,0,1,1,1,1,1,0,1,0,1,0,0,0,1,0,0.3157894736842105,-14477148.0,1
164,1,1,0,0,1,1,1,1,0,0,1,0,1,1,1,1,0,0,1,0,1,1,0,0,1,1,0,0,1,0,1,0,0,0,0,0,1,0,1,1,1,1,0,1,0,1,1,1,0,1,1,0,1,1,1,0,0,1,1,0,0,0,0,1,1,0,0,0,1,0,1,0,0,0,0,1,0.3026315789473684,-15453424.0,1
