,0,1,2,3,4,5,6,7,8,9,10,11,12,13,14,15,16,17,18,19,20,21,22,23,24,25,26,27,28,29,30,31,32,33,34,35,36,37,38,39,40,41,42,43,44,45,46,47,48,49,50,51,52,53,54,55,56,57,58,59,60,61,62,63,64,65,66,67,68,69,70,71,72,73,74,75,76,77,78,79,80,81,82,chain_break_fraction,energy,num_occurrences
0,1,1,1,0,1,1,1,1,0,1,1,1,0,1,1,0,0,1,1,0,1,0,0,0,1,0,1,1,0,0,1,0,1,0,0,1,1,0,0,1,1,0,1,0,1,1,0,1,0,0,1,1,0,0,1,0,1,1,1,1,0,0,0,1,0,0,1,0,0,1,0,1,0,1,1,1,1,1,1,1,0,0,1,0.0120481927710843,-7008.0,1
1,1,1,1,1,1,1,1,0,0,1,0,1,0,1,1,0,1,0,1,0,1,0,0,0,1,1,1,1,0,1,0,0,0,0,0,1,1,0,0,1,0,0,1,1,1,1,1,1,1,0,1,1,1,0,1,0,1,1,1,1,0,0,0,1,1,1,1,1,0,1,0,1,0,0,1,1,1,0,1,1,0,0,1,0.0120481927710843,-7005.0,1
2,1,1,1,0,1,1,1,0,0,1,0,1,1,1,1,0,1,1,1,0,0,1,0,0,1,0,1,1,0,0,1,0,1,1,0,1,1,0,1,1,0,1,1,1,1,1,0,1,0,1,1,1,0,1,1,0,1,1,1,1,0,1,0,0,0,1,0,1,0,1,0,1,0,0,1,1,1,1,1,1,1,1,1,0.0120481927710843,-7001.0,1
3,1,1,1,0,1,1,1,0,0,1,0,1,1,1,1,0,1,1,1,1,1,1,0,1,1,1,1,1,0,0,1,1,1,0,1,1,1,0,0,1,0,0,1,0,1,1,0,1,1,1,1,1,0,0,1,0,1,1,1,1,0,0,0,1,0,1,0,1,0,1,0,1,1,1,1,1,1,0,1,1,0,0,1,0.0120481927710843,-7000.0,1
4,1,1,1,0,1,1,1,1,0,1,0,1,0,1,1,0,0,0,1,0,0,0,0,0,1,1,1,1,0,0,0,1,0,1,1,1,1,1,1,1,1,0,1,1,1,1,0,1,0,1,1,1,1,0,1,0,1,1,1,1,1,1,0,1,1,0,1,1,0,1,1,1,0,0,1,1,1,1,1,1,1,1,1,0.0120481927710843,-6998.0,1
5,1,1,1,0,1,1,1,0,1,1,1,1,0,0,1,0,0,0,0,0,0,0,1,1,1,0,1,1,0,0,1,0,0,0,1,1,0,1,0,1,0,1,1,0,0,1,0,1,0,0,1,1,0,0,1,0,1,1,0,1,0,1,1,1,0,0,0,0,0,1,0,0,1,1,1,1,1,1,1,1,1,1,1,0.0120481927710843,-7009.0,1
6,1,1,1,0,1,1,1,0,1,1,0,1,1,1,1,1,1,0,0,1,0,0,0,0,1,1,1,1,1,0,0,0,0,0,0,1,0,1,1,1,1,0,1,0,1,1,0,1,1,1,1,1,1,0,1,0,1,0,0,1,1,0,0,0,0,1,0,1,0,1,1,0,0,0,1,0,1,1,1,0,0,1,1,0.0120481927710843,-7007.0,1
7,1,1,1,1,1,1,1,0,0,1,0,1,0,1,1,0,1,1,0,1,0,1,0,0,1,0,1,1,1,1,1,1,0,0,0,1,0,0,0,1,1,0,1,0,0,1,0,1,1,0,1,1,1,0,1,0,1,1,1,1,0,1,1,0,1,1,0,1,0,1,1,0,0,0,1,0,1,0,1,1,0,1,1,0.0120481927710843,-7005.0,1
8,1,1,1,0,1,1,1,0,1,1,1,1,0,0,1,0,1,0,0,0,0,0,0,0,1,1,1,1,0,0,0,0,0,1,0,1,1,0,1,1,1,1,1,1,1,1,0,1,0,1,1,1,1,0,1,0,1,1,0,1,0,1,1,1,1,1,1,1,1,1,1,1,0,0,1,1,1,0,1,0,0,0,0,0.0120481927710843,-7004.0,1
9,1,1,1,0,0,0,1,0,0,0,0,1,1,1,1,0,1,1,1,0,1,0,0,0,1,1,1,0,1,0,1,0,0,0,0,0,0,0,0,0,0,0,1,1,1,1,0,0,1,0,1,1,0,0,1,1,1,0,0,1,0,0,0,0,0,0,1,0,0,1,0,0,1,1,0,0,1,0,1,1,0,0,1,0.0120481927710843,-7019.0,1
10,1,1,1,0,0,1,1,1,0,1,1,0,1,0,1,0,1,0,0,0,0,0,1,0,1,1,1,0,1,0,0,0,0,0,1,0,0,0,0,0,0,0,1,1,0,1,0,0,1,0,1,1,0,0,1,0,1,0,0,1,1,0,1,1,0,0,1,0,0,1,0,0,0,0,1,0,1,0,1,1,1,0,1,0.0120481927710843,-7018.0,1
11,1,1,1,0,0,0,1,0,1,0,1,0,1,0,1,0,0,1,0,0,0,0,0,0,1,0,1,1,0,0,1,0,0,0,0,0,1,0,0,1,0,1,1,0,0,1,0,1,0,1,0,1,0,0,1,0,1,1,1,1,0,1,0,0,0,0,1,1,0,0,0,0,0,1,1,1,1,1,1,1,0,1,1,0.0120481927710843,-7017.0,1
12,1,1,1,1,1,1,1,0,1,0,1,0,1,0,1,0,0,0,0,0,0,0,0,0,1,1,1,0,1,1,1,1,1,0,1,0,1,1,0,0,0,1,1,0,1,1,0,1,0,1,1,1,0,0,1,0,1,0,0,1,0,0,0,0,0,0,0,1,0,0,0,1,0,0,0,0,1,0,1,0,0,1,1,0.0120481927710843,-7016.0,1
13,1,1,1,0,1,0,1,1,0,1,0,0,1,0,1,0,0,0,1,0,1,0,1,0,1,0,1,0,0,0,0,0,0,1,0,0,0,1,0,1,0,1,1,0,1,1,0,1,0,1,0,1,1,0,1,1,1,0,1,1,1,0,1,1,0,0,0,0,1,1,0,1,0,0,1,0,1,0,1,0,1,0,1,0.0120481927710843,-7014.0,1
14,1,1,1,0,0,1,1,1,1,0,0,0,0,0,1,1,0,0,0,1,0,0,1,0,1,1,1,1,0,1,0,1,0,1,1,0,0,0,1,1,1,0,1,0,0,1,1,0,1,1,0,1,0,0,1,1,1,0,0,1,0,0,0,0,0,1,0,1,1,1,1,0,1,0,0,0,1,0,1,0,0,0,1,0.0120481927710843,-7014.0,1
15,1,1,1,0,1,1,1,0,0,0,0,0,1,1,1,1,0,0,1,0,0,0,0,1,1,1,1,0,1,0,0,1,0,0,0,1,1,0,1,0,0,0,1,1,1,1,1,1,1,0,0,1,1,0,1,0,1,1,0,1,0,0,0,0,0,1,0,0,1,0,0,0,0,1,1,1,1,0,1,0,1,0,1,0.0120481927710843,-7013.0,1
16,1,1,1,0,0,1,1,1,1,1,1,0,0,0,1,0,1,0,1,0,1,0,0,0,1,0,1,1,0,0,0,0,1,1,1,1,1,0,0,1,1,1,1,0,0,1,1,1,0,0,0,1,1,0,1,0,1,0,1,1,0,0,0,0,1,1,0,1,0,0,0,0,0,0,1,1,1,0,1,0,0,0,1,0.0120481927710843,-7013.0,1
17,1,1,1,1,0,1,1,1,1,0,0,0,1,1,1,1,1,0,0,0,0,0,0,0,1,1,1,0,0,0,0,0,0,0,0,0,1,1,1,1,0,1,1,1,0,1,0,1,0,0,1,1,1,0,1,0,1,1,1,1,0,0,0,1,0,0,0,1,1,0,0,0,1,0,1,0,1,0,1,1,0,0,1,0.0120481927710843,-7013.0,1
18,1,1,1,0,0,1,1,1,0,0,1,0,0,1,1,0,1,0,1,0,0,1,0,0,1,1,1,1,0,0,1,0,0,0,0,0,0,0,0,1,1,1,1,1,0,1,1,0,0,1,1,1,0,0,1,0,1,0,1,1,0,1,0,1,0,0,0,1,1,1,1,0,0,0,1,1,1,0,1,0,0,0,1,0.0120481927710843,-7013.0,1
19,1,1,1,0,1,0,1,0,1,0,1,0,1,1,1,0,1,0,0,0,0,0,1,0,1,1,1,1,0,1,0,1,1,0,0,0,0,0,1,1,0,1,1,1,0,1,0,1,1,1,0,1,0,0,1,0,1,1,0,1,0,0,0,1,1,0,1,0,0,1,0,0,0,0,0,1,1,1,1,0,0,0,1,0.0120481927710843,-7013.0,1
20,1,1,1,0,1,0,1,1,1,1,0,1,1,0,1,0,1,0,0,0,0,1,1,0,1,0,1,0,0,0,0,1,0,1,0,1,0,0,0,0,0,0,1,1,0,1,0,0,0,0,1,1,0,0,1,0,1,1,0,1,0,1,0,1,1,0,1,1,1,1,0,0,0,1,1,0,1,0,1,1,1,0,1,0.0120481927710843,-7013.0,1
21,1,1,1,1,0,1,1,1,1,1,1,0,0,0,1,0,1,1,0,1,0,0,1,0,1,0,1,1,1,1,1,0,0,0,0,0,1,0,0,1,1,0,1,1,0,1,0,0,0,1,0,1,0,0,1,0,1,1,0,1,0,0,0,0,1,1,0,1,0,0,1,0,0,0,1,0,1,0,1,0,0,1,1,0.0120481927710843,-7013.0,1
22,1,1,1,0,0,0,1,1,1,0,0,0,0,0,1,1,0,0,0,1,0,0,1,0,1,0,1,0,0,0,1,0,0,0,1,0,1,1,0,0,0,0,1,0,1,1,1,0,1,1,1,1,0,1,1,0,1,1,1,1,1,1,0,0,1,0,0,0,1,1,0,0,0,1,0,1,1,1,1,1,0,0,1,0.0120481927710843,-7013.0,1
23,1,1,1,1,1,0,1,1,0,0,0,0,1,0,1,1,0,0,0,0,0,0,0,1,1,0,1,0,0,0,1,0,0,1,0,0,1,1,0,1,0,0,1,0,1,1,0,1,1,1,1,1,0,0,1,0,1,1,1,1,1,0,0,0,1,0,1,0,0,0,1,0,1,0,1,1,1,1,1,1,1,0,1,0.0120481927710843,-7011.0,1
24,1,1,1,1,1,0,1,0,0,0,0,0,1,0,1,1,0,0,1,1,0,0,1,0,1,0,1,1,1,1,0,1,0,1,0,1,1,1,1,0,0,0,1,0,0,1,0,0,0,1,1,1,1,1,1,0,1,0,0,1,0,1,0,0,0,0,1,0,1,1,1,0,0,0,0,1,1,1,1,0,1,1,1,0.0120481927710843,-7010.0,1
25,1,1,1,0,1,0,1,0,0,0,0,0,0,1,1,0,0,0,1,0,1,0,0,1,1,0,1,0,0,0,0,1,0,1,0,1,1,1,0,0,1,0,1,1,1,1,0,1,0,1,0,1,0,0,1,1,1,1,1,1,1,0,1,1,0,0,1,1,1,1,0,1,0,0,1,0,1,0,1,1,0,1,1,0.0120481927710843,-7010.0,1
26,1,1,1,0,0,1,1,0,1,0,1,0,0,0,1,1,0,0,0,0,1,0,1,0,1,1,1,0,0,1,1,0,0,1,1,0,1,0,1,1,0,1,1,0,1,1,0,1,1,0,0,1,1,0,1,0,1,0,0,1,0,1,1,1,1,0,0,1,0,1,1,0,1,1,1,1,1,1,1,1,1,0,1,0.0120481927710843,-7006.0,1
27,1,1,1,1,1,0,1,0,1,1,1,0,0,0,1,0,1,0,0,0,1,1,1,1,1,0,1,0,0,0,1,0,0,0,1,0,1,1,0,1,0,0,1,0,1,1,1,1,1,0,1,1,0,0,1,0,1,1,0,1,1,1,0,1,0,0,1,0,1,1,1,1,1,0,1,1,1,0,1,0,1,0,1,0.0120481927710843,-7006.0,1
28,1,1,1,0,1,0,1,1,1,1,1,1,0,1,1,0,1,1,1,0,1,0,1,1,1,1,1,1,1,0,1,1,0,0,0,1,1,1,0,1,0,0,1,1,1,1,0,1,0,0,1,1,1,0,1,0,1,0,1,1,1,0,1,0,1,1,0,0,0,0,1,0,1,0,1,0,1,1,1,1,0,0,1,0.0120481927710843,-7002.0,1
29,1,1,1,0,0,1,1,1,1,0,0,1,0,0,1,1,0,0,0,1,1,1,1,0,1,0,1,1,0,0,1,0,0,1,0,0,0,0,0,1,0,0,1,1,0,1,0,1,0,0,0,1,0,1,1,0,1,0,1,1,0,0,1,0,0,0,1,0,0,0,0,0,0,1,0,0,1,1,1,0,0,1,0,0.0120481927710843,-7018.0,1
30,1,1,0,0,0,0,0,0,0,0,0,0,0,0,0,1,1,0,1,0,1,1,0,0,0,0,0,0,0,0,0,1,0,0,0,0,0,0,1,0,0,0,0,0,1,0,0,0,1,1,0,0,0,0,1,1,0,0,1,0,0,1,1,1,0,0,0,0,1,0,0,0,0,0,0,0,0,0,1,0,0,1,0,0.0,-7034.0,1
31,1,1,0,0,1,0,0,1,0,0,0,0,0,1,0,0,0,1,0,0,0,0,1,0,0,0,0,1,1,0,0,1,0,0,0,1,0,0,0,0,0,1,0,1,0,0,0,0,0,1,1,0,0,0,1,0,1,1,0,0,0,1,1,0,0,0,0,0,0,0,0,0,0,0,0,0,1,0,1,0,0,0,0,0.0,-7033.0,1
32,1,1,0,1,1,0,0,0,1,1,1,0,0,1,1,1,0,0,1,0,0,0,0,0,0,0,0,0,1,0,0,1,0,0,0,0,1,0,0,0,0,0,0,0,1,0,0,0,0,1,0,0,0,0,1,0,0,1,0,0,1,0,0,0,0,1,0,1,1,1,0,0,0,0,0,0,0,0,0,0,0,0,0,0.0,-7032.0,1
33,1,1,0,0,0,0,0,1,0,0,0,1,0,0,1,0,1,0,0,0,0,1,0,1,0,0,1,0,1,0,0,0,0,1,0,0,0,0,0,0,1,0,0,1,0,0,0,0,0,0,0,0,0,0,1,1,0,0,1,0,0,0,0,0,1,0,1,1,1,0,0,0,1,0,1,0,0,0,0,0,0,1,1,0.0,-7031.0,1
34,1,1,0,0,0,0,0,0,0,1,0,1,0,0,0,0,1,0,0,0,0,1,0,0,0,1,0,1,0,1,0,0,0,1,0,0,0,0,0,0,0,1,0,1,0,0,1,0,1,0,0,0,1,0,0,0,0,0,1,1,1,1,0,0,0,0,1,0,1,0,0,0,1,0,1,0,0,0,1,0,0,0,0,0.0,-7031.0,1
35,1,1,0,0,1,0,0,0,0,1,1,1,0,1,0,0,1,0,0,0,0,0,0,0,0,0,0,0,0,0,1,0,0,1,0,0,1,1,0,0,0,0,0,0,0,1,0,1,0,0,0,0,0,0,0,1,0,0,0,0,0,0,0,0,0,1,1,0,1,1,0,1,1,0,1,0,1,0,0,0,1,0,0,0.0,-7031.0,1
36,1,1,0,0,0,0,0,0,0,0,0,0,1,1,1,0,0,0,1,0,1,1,1,0,1,1,0,0,0,0,0,0,0,0,0,0,1,0,0,0,0,0,0,1,1,0,0,0,0,1,0,0,0,0,0,0,0,1,0,0,1,1,0,1,0,0,0,1,0,0,0,1,0,1,1,0,0,1,0,0,0,0,0,0.0,-7031.0,1
37,1,1,0,0,0,0,0,0,0,0,0,0,0,0,0,0,0,1,0,0,0,0,0,1,0,0,0,0,0,0,1,1,0,0,0,0,1,1,0,1,0,0,0,0,0,0,1,1,1,1,0,0,0,0,0,0,0,0,1,0,1,0,0,0,1,1,1,0,0,1,0,1,0,1,1,1,0,0,0,0,1,0,0,0.0,-7031.0,1
38,1,1,0,0,0,1,0,0,0,0,0,0,0,1,0,0,1,0,0,0,1,0,0,0,0,0,1,1,0,0,0,0,1,0,0,0,0,0,0,0,1,0,0,0,1,0,1,0,1,0,0,0,1,0,0,0,0,0,1,0,1,1,0,0,1,0,0,1,1,0,1,1,1,0,1,0,0,0,1,0,0,0,0,0.0,-7030.0,1
39,1,1,0,0,0,0,0,0,0,0,1,0,0,0,0,0,0,0,0,1,0,0,1,1,0,0,1,0,0,0,0,0,1,0,0,0,1,1,0,0,1,1,0,0,1,0,1,1,0,0,1,0,0,1,0,1,1,1,0,0,1,0,1,0,0,1,0,0,0,0,0,0,0,0,0,0,1,0,0,1,0,0,0,0.0,-7030.0,1
40,1,1,1,0,0,1,0,0,0,0,0,0,0,0,0,0,1,0,0,0,1,1,0,0,0,0,0,0,0,0,0,1,0,0,0,0,0,0,0,1,0,0,0,1,0,1,0,1,0,1,1,0,0,0,0,0,1,0,0,0,1,0,0,1,1,1,0,1,1,0,1,0,0,1,0,0,0,1,0,0,0,0,1,0.0,-7030.0,1
41,1,1,0,0,0,0,0,0,1,0,1,0,0,0,1,1,0,0,0,0,1,0,0,0,0,0,0,1,0,1,0,1,0,0,0,1,0,0,0,0,1,0,0,1,1,0,0,0,0,1,1,0,1,0,1,1,0,1,0,0,1,1,0,0,0,0,0,1,1,0,0,0,0,0,0,0,0,0,1,1,0,0,0,0.0,-7029.0,1
42,1,1,0,1,0,0,0,0,0,0,0,0,1,0,0,1,1,0,0,0,0,0,0,0,0,0,0,0,0,0,0,0,1,0,0,0,1,1,1,1,0,1,0,0,1,0,1,0,0,1,1,0,1,0,1,0,1,1,1,1,0,0,0,1,1,0,1,0,0,0,0,0,0,0,1,0,0,0,0,0,0,0,0,0.0,-7029.0,1
43,1,1,0,0,0,0,0,0,1,0,1,1,0,0,0,0,0,1,0,1,0,1,0,0,0,0,0,0,1,1,0,0,0,1,1,0,1,0,0,1,1,0,1,1,0,0,0,0,0,0,0,0,1,0,1,0,0,0,0,0,0,0,1,0,0,0,1,0,0,1,0,0,0,0,0,0,1,0,1,0,0,1,1,0.0,-7029.0,1
44,1,1,0,0,0,0,0,0,0,0,1,0,0,0,0,0,1,0,0,1,0,0,0,0,0,0,1,0,0,1,0,0,0,0,0,0,0,0,0,1,1,0,0,0,0,0,0,1,1,1,0,0,0,0,1,0,1,1,0,1,0,1,0,0,0,0,0,1,1,0,1,0,1,0,1,0,0,0,1,1,1,0,1,0.0,-7029.0,1
45,1,1,0,0,0,0,0,1,0,0,0,1,0,1,1,0,1,0,0,1,0,0,1,0,0,0,0,0,0,0,0,0,0,0,0,0,1,0,0,1,0,0,0,0,1,0,1,1,0,0,1,0,1,0,0,0,0,0,0,1,0,0,1,1,0,0,0,0,0,0,0,0,0,1,1,1,1,0,1,1,0,0,1,0.0,-7029.0,1
46,1,1,0,0,0,0,1,1,0,1,0,0,1,0,0,0,1,1,1,0,0,0,1,0,0,0,0,0,1,0,1,0,0,0,0,0,1,0,1,0,1,1,1,0,1,0,0,1,0,0,0,0,0,0,0,0,0,0,1,0,0,1,1,1,1,0,0,0,1,0,0,0,0,1,0,0,0,0,0,0,0,0,0,0.0,-7029.0,1
47,1,1,0,1,0,1,1,0,0,0,0,1,0,0,0,0,0,0,1,0,0,0,0,0,0,1,1,0,0,0,1,0,1,1,0,1,0,0,1,0,0,1,1,0,0,0,0,0,1,1,0,0,0,1,0,0,0,0,0,0,1,0,1,0,1,0,0,0,0,0,0,0,1,0,1,0,0,1,1,0,0,0,0,0.0,-7029.0,1
48,1,1,0,0,1,1,0,1,0,0,0,1,0,0,1,0,0,0,0,0,1,0,0,0,1,0,0,0,0,0,1,0,0,0,0,0,1,0,0,0,0,1,0,0,0,0,0,1,0,0,0,1,1,0,1,1,0,1,1,0,0,1,0,0,1,0,0,1,0,0,0,0,0,1,1,1,0,1,1,0,0,0,0,0.0,-7028.0,1
49,1,1,1,1,0,0,0,1,0,0,1,0,1,0,1,1,1,0,0,0,1,1,0,0,0,0,1,1,0,0,0,1,0,0,0,0,0,0,1,0,0,0,0,0,0,0,0,0,0,0,0,0,1,0,1,1,1,1,0,0,1,0,1,0,0,0,0,0,1,1,0,0,0,0,0,0,0,0,0,1,0,1,0,0.0,-7028.0,1
50,1,1,0,0,0,0,0,0,0,1,0,1,0,0,1,1,0,0,0,0,0,0,0,0,1,0,1,1,1,0,0,1,0,0,0,1,0,0,0,0,0,1,0,1,1,0,0,0,1,0,1,1,0,0,1,1,0,0,0,0,0,0,1,0,1,0,0,0,0,0,0,0,0,0,1,0,1,0,0,1,0,1,1,0.0,-7028.0,1
51,1,1,1,1,1,1,0,0,0,0,0,1,0,1,1,0,0,0,0,0,0,1,0,0,1,0,0,0,0,1,1,0,0,0,0,0,0,0,0,0,0,1,0,0,1,0,0,1,0,0,0,0,0,0,1,1,0,1,0,0,0,0,0,0,0,0,1,0,1,0,0,0,1,0,1,0,1,1,0,0,1,1,0,0.0,-7028.0,1
52,1,1,0,1,1,0,0,0,0,0,1,0,1,0,1,0,0,0,1,0,0,0,0,0,0,1,1,0,0,1,0,0,0,0,0,0,1,0,0,0,0,0,0,0,0,0,1,0,1,1,1,0,0,0,1,0,1,1,0,0,0,0,1,1,1,1,1,1,0,0,0,0,0,0,0,0,0,0,0,1,1,0,0,0.0,-7028.0,1
53,1,1,0,0,0,1,0,0,1,1,0,0,1,0,0,0,0,0,0,0,0,1,0,0,1,1,0,0,0,1,1,1,0,0,0,0,0,1,1,0,0,1,0,1,1,0,0,0,0,0,0,1,1,0,0,0,0,1,0,1,0,0,0,0,0,1,1,1,1,0,0,0,0,0,1,0,0,0,1,0,0,0,0,0.0,-7028.0,1
54,1,1,1,1,0,0,0,1,0,0,0,0,0,0,0,0,0,0,0,0,0,1,0,0,0,0,0,0,0,0,0,1,0,1,0,0,1,1,0,0,1,1,0,1,0,0,0,0,0,0,1,0,0,0,0,1,0,1,0,0,1,0,0,0,0,0,1,1,0,0,1,0,0,1,1,1,1,1,1,0,0,1,0,0.0,-7028.0,1
55,1,1,0,1,0,1,0,0,0,0,1,0,1,0,0,0,0,1,0,0,0,0,0,1,1,1,1,0,1,0,0,1,1,1,0,0,1,0,0,1,1,1,0,1,0,0,0,1,0,1,0,0,0,0,0,0,0,0,0,0,0,0,0,0,0,0,1,0,0,0,1,0,0,0,1,0,0,0,1,0,0,1,0,0.0,-7028.0,1
56,1,1,0,1,0,0,1,0,0,0,0,0,1,0,0,0,0,0,0,0,0,1,0,0,0,0,1,0,1,0,0,1,1,0,0,0,0,0,1,0,0,1,1,1,0,1,0,0,0,0,1,0,0,0,0,1,0,1,1,1,0,0,1,0,0,1,1,0,0,0,0,0,0,0,1,0,1,1,0,0,0,1,0,0.0,-7028.0,1
57,1,1,0,0,0,0,0,0,0,0,1,0,0,1,0,1,0,0,1,0,0,0,0,1,0,0,1,1,0,0,1,0,1,1,1,0,1,0,1,0,0,0,0,1,0,1,0,1,1,0,0,0,0,0,0,1,0,1,0,0,0,0,1,0,0,0,1,1,0,1,0,0,0,0,1,0,0,0,0,0,0,0,1,0.0,-7028.0,1
58,1,1,0,0,0,1,0,1,0,0,0,0,0,1,0,0,0,0,0,0,0,0,0,0,0,0,1,0,0,1,0,0,0,0,1,0,1,1,1,1,0,0,0,0,0,0,1,1,0,1,1,0,0,0,0,0,0,0,0,0,1,1,0,1,1,0,0,0,0,1,1,0,0,0,1,0,1,1,0,1,0,0,1,0.0,-7028.0,1
59,1,1,0,0,0,0,0,0,0,0,1,1,0,0,1,0,0,0,0,0,1,1,0,0,1,0,1,0,0,0,1,1,0,1,1,0,1,0,0,0,1,0,0,0,1,0,1,0,0,0,0,0,0,1,1,1,0,0,1,0,0,1,1,0,0,1,0,0,0,1,1,0,0,0,0,1,0,0,1,0,0,0,0,0.0,-7027.0,1
60,1,1,0,0,0,1,0,0,0,1,0,0,1,1,0,0,1,1,0,1,0,0,0,1,0,1,0,0,1,0,0,1,0,0,0,1,1,0,0,1,1,0,0,0,1,0,1,0,0,0,0,0,0,0,1,0,1,0,0,0,1,0,1,1,1,0,0,0,0,0,0,1,0,0,0,0,0,0,1,0,0,1,0,0.0,-7027.0,1
61,1,1,0,1,0,1,0,0,0,0,0,0,0,0,1,0,1,1,1,0,0,1,0,0,0,0,0,0,0,0,1,0,0,0,0,1,0,1,1,0,1,0,0,1,0,0,0,1,0,0,0,0,1,0,0,1,0,0,0,1,1,0,1,1,1,0,0,0,0,0,1,0,0,0,1,0,1,0,1,1,0,0,0,0.0,-7027.0,1
62,1,1,1,0,0,1,0,0,1,1,1,0,1,0,0,0,1,0,1,0,1,1,0,0,0,1,0,0,1,0,1,1,0,1,0,0,1,0,0,0,0,0,0,0,1,0,0,0,0,1,0,0,1,1,0,0,0,0,0,0,1,0,0,0,0,0,0,1,0,0,0,0,0,1,1,0,0,0,0,1,0,0,1,0.0,-7027.0,1
63,1,1,0,0,0,1,0,0,1,0,0,0,0,1,0,1,1,1,0,0,0,0,0,0,0,0,0,0,0,0,1,1,0,0,0,1,1,1,0,0,1,1,0,0,1,0,0,0,0,0,1,0,0,0,1,0,1,0,0,0,1,0,1,0,0,0,1,0,1,1,0,0,1,1,0,0,0,1,0,0,0,0,1,0.0,-7027.0,1
64,1,1,1,0,0,1,0,1,0,1,0,1,0,0,0,1,0,1,0,0,0,0,1,0,0,0,1,0,0,1,0,0,1,0,1,0,0,1,0,0,0,1,0,0,1,0,0,0,1,1,0,0,0,1,0,0,0,0,1,0,0,0,1,0,1,0,0,1,1,0,1,0,0,0,0,0,1,0,0,1,0,0,0,0.0,-7027.0,1
65,1,1,0,0,0,0,0,0,0,0,0,0,0,0,1,0,1,0,0,1,0,0,1,0,0,0,0,0,1,1,1,1,0,0,1,0,1,0,0,0,0,1,0,0,1,1,1,1,1,1,1,1,0,0,0,0,0,0,1,0,0,0,0,0,0,0,0,0,0,1,1,0,0,1,1,0,0,0,0,1,1,0,0,0.0,-7027.0,1
66,1,1,0,0,0,0,1,0,0,0,1,1,0,0,0,1,0,0,0,0,0,0,0,0,0,0,0,1,0,0,1,1,0,0,1,0,1,1,0,1,0,0,0,1,0,1,1,1,0,1,1,0,0,0,0,0,1,1,0,1,1,0,0,0,1,0,0,0,1,0,0,0,0,0,0,0,0,1,0,0,1,1,0,0.0,-7027.0,1
67,1,1,0,0,0,0,0,0,0,0,0,0,0,0,0,0,0,0,1,0,0,0,0,1,0,1,0,0,0,1,1,1,0,1,1,0,1,1,0,1,0,0,1,1,1,0,1,1,0,0,0,0,0,0,0,0,1,0,1,0,0,0,0,0,0,1,1,0,0,0,0,0,0,1,0,0,1,1,1,1,1,0,0,0.0,-7027.0,1
68,1,1,0,0,1,0,0,1,0,0,0,0,0,0,0,1,1,1,0,0,0,0,0,1,0,0,0,0,0,0,1,0,0,0,0,0,0,1,1,1,0,0,1,1,0,1,0,1,0,1,1,1,0,0,0,1,1,0,0,1,0,1,0,0,1,0,0,0,1,1,0,0,0,0,0,1,0,0,1,0,0,0,0,0.0,-7027.0,1
69,1,1,0,0,0,0,0,0,0,1,1,0,0,0,1,0,0,1,0,1,0,0,0,1,0,0,1,0,1,0,1,1,0,0,0,0,0,0,0,0,0,0,1,0,1,0,0,0,0,0,1,0,0,1,0,1,0,0,1,1,0,0,1,1,1,0,0,0,0,1,0,1,1,0,1,0,1,0,0,0,0,0,1,0.0,-7027.0,1
70,1,1,1,1,0,1,1,0,1,0,0,0,1,0,0,1,0,0,0,0,0,1,1,1,0,1,0,0,0,0,1,0,0,0,1,0,1,0,0,0,1,0,0,1,0,0,1,0,1,1,0,0,0,0,0,0,0,1,0,0,0,0,0,0,0,0,0,1,0,1,1,0,0,0,0,0,0,0,1,0,1,0,1,0.0,-7027.0,1
71,1,1,0,0,0,1,1,0,0,0,0,0,0,1,0,0,0,0,0,0,0,0,1,1,0,1,1,1,0,0,1,0,0,0,0,0,1,0,0,0,1,0,0,1,0,0,0,0,1,1,1,1,0,0,0,0,0,0,0,0,1,0,1,0,0,0,1,1,0,0,1,0,0,0,1,0,0,0,1,0,1,1,1,0.0,-7027.0,1
72,1,1,0,1,1,0,1,0,0,0,0,1,1,0,0,1,0,0,1,0,0,0,0,1,0,0,0,1,0,0,1,0,0,0,0,1,0,0,0,0,1,0,1,0,0,0,0,0,0,1,1,0,0,0,0,0,0,0,0,0,0,1,0,1,0,0,1,0,0,1,1,0,1,0,1,0,1,1,0,0,1,0,1,0.0,-7027.0,1
73,1,1,0,1,1,1,0,0,0,0,0,0,1,0,1,0,1,0,0,1,0,0,0,0,0,0,0,1,0,0,1,0,0,0,0,0,1,0,0,0,1,0,0,0,0,0,0,1,1,0,1,0,1,0,1,1,0,1,0,0,1,0,0,1,1,1,1,0,0,1,0,0,1,1,0,0,1,0,0,0,0,0,0,0.0,-7026.0,1
74,1,1,0,0,0,0,0,0,0,0,0,0,0,0,0,0,0,1,0,1,1,0,0,1,0,1,0,0,0,0,0,0,0,0,0,0,1,1,0,1,0,1,0,0,0,1,1,1,0,1,0,1,1,0,1,0,0,1,0,0,0,1,0,1,0,0,0,0,1,0,1,1,0,1,1,0,0,1,0,1,1,0,0,0.0,-7026.0,1
75,1,1,1,0,0,1,0,0,0,1,0,0,1,0,0,0,1,0,0,1,0,1,1,0,1,0,0,0,1,1,0,1,0,0,0,1,0,0,0,0,0,0,1,0,1,0,1,1,1,0,1,1,0,0,1,0,0,0,1,0,0,0,0,0,0,1,1,0,0,1,0,0,0,0,1,0,0,1,0,0,0,0,0,0.0,-7026.0,1
76,1,1,0,0,0,0,0,0,0,1,1,0,0,1,1,0,0,1,1,0,0,0,0,0,0,1,0,0,1,1,0,0,0,0,1,0,1,1,0,1,0,0,0,0,1,0,0,0,1,1,0,0,1,0,1,0,1,1,0,0,0,0,1,1,1,0,0,0,0,1,0,0,0,0,0,0,0,1,1,0,0,0,1,0.0,-7026.0,1
77,1,1,0,1,0,1,1,0,0,1,0,0,1,0,0,0,1,1,1,0,0,1,0,0,0,0,0,0,0,1,0,0,0,0,0,0,0,1,1,0,0,1,0,0,0,1,0,1,1,1,0,0,1,1,0,0,0,0,0,0,1,1,0,0,0,0,1,0,0,0,0,1,0,0,1,1,0,0,0,1,1,0,0,0.0,-7026.0,1
78,1,1,0,0,0,0,0,0,0,1,0,0,0,1,1,0,0,0,0,0,1,0,1,0,0,0,1,0,0,1,0,1,0,0,0,0,1,0,1,1,0,0,1,1,0,1,1,1,0,1,0,0,1,0,0,0,1,0,1,0,0,0,0,1,0,0,0,0,0,1,1,1,0,0,0,1,0,0,0,1,0,1,0,0.0,-7026.0,1
79,1,1,0,0,0,0,0,0,0,1,1,0,1,0,0,0,1,1,1,0,0,0,0,0,1,0,0,0,0,0,1,1,0,0,0,0,1,0,0,0,0,0,1,0,1,0,0,1,0,0,1,0,1,1,0,0,0,1,0,1,0,0,0,0,0,1,1,0,0,1,0,0,0,1,1,0,0,1,1,0,1,0,1,0.0,-7026.0,1
80,1,1,1,0,1,0,0,0,0,0,1,0,0,1,0,0,1,0,1,0,0,1,1,0,1,1,0,0,0,0,0,0,0,1,1,0,0,0,0,1,0,1,0,0,0,0,0,0,0,1,0,0,0,0,1,1,1,1,0,0,0,1,0,1,0,1,0,0,0,0,0,0,1,0,1,0,1,1,0,0,0,0,1,0.0,-7026.0,1
81,1,1,1,0,0,0,0,0,0,0,0,0,1,0,0,1,1,0,1,0,0,1,1,1,1,0,0,0,0,0,0,1,0,0,1,0,1,0,0,0,0,1,0,0,1,0,1,1,0,1,0,0,0,0,0,0,0,0,1,0,0,0,0,1,0,1,0,0,0,1,0,0,1,1,0,0,1,0,1,1,1,0,0,0.0,-7026.0,1
82,1,1,1,0,0,0,0,0,0,0,1,0,0,1,1,1,1,1,0,0,1,1,1,0,0,0,1,0,1,0,0,0,0,0,0,1,1,0,0,0,0,1,1,0,0,0,0,1,0,0,1,1,0,0,0,0,1,0,0,0,0,1,0,1,1,0,0,0,0,0,1,0,0,0,0,1,0,1,1,0,0,0,0,0.0,-7026.0,1
83,1,1,0,1,0,1,1,0,0,0,0,1,0,0,1,0,1,1,0,1,0,1,1,0,1,0,0,0,0,0,0,1,0,1,0,0,0,0,0,0,0,0,0,1,1,0,0,1,0,1,0,0,0,1,0,0,1,1,0,0,0,0,0,1,0,0,0,0,1,1,1,0,0,0,1,0,0,0,0,0,1,1,0,0.0,-7026.0,1
84,1,1,0,0,1,1,1,0,0,0,1,0,0,0,0,0,1,1,0,0,1,0,1,0,0,0,0,0,0,0,0,0,1,0,1,0,0,1,0,0,0,0,0,1,0,0,0,0,1,1,0,1,0,0,0,1,0,0,0,0,0,1,1,0,0,0,0,1,0,1,0,1,1,0,1,1,1,0,0,0,1,1,0,0.0,-7026.0,1
85,1,1,0,0,0,1,0,0,0,0,0,0,0,0,1,1,0,0,1,1,0,1,0,0,0,1,0,0,0,1,1,0,1,1,0,0,0,0,0,0,1,0,0,0,0,0,1,0,0,1,1,0,0,0,0,1,0,1,1,0,1,0,1,0,0,0,0,0,1,0,0,0,0,1,1,0,1,0,1,0,1,0,1,0.0,-7026.0,1
86,1,1,1,1,1,0,0,0,1,0,0,0,0,1,0,0,1,0,0,1,0,0,0,0,1,0,1,0,0,0,0,0,0,1,0,0,1,1,0,0,0,0,1,1,0,0,1,0,0,0,0,0,1,0,1,0,0,0,0,0,1,0,1,1,0,0,1,0,0,1,1,0,0,0,1,0,1,0,1,1,1,0,0,0.0,-7025.0,1
87,1,1,0,0,0,0,1,0,1,1,0,0,1,0,1,0,0,0,1,0,0,0,1,0,0,0,0,1,1,1,0,0,1,0,1,0,0,1,0,0,1,1,0,0,0,1,0,1,1,0,0,0,1,1,1,1,1,1,0,0,0,1,0,0,0,1,0,0,1,1,0,0,0,0,0,0,0,0,0,0,0,0,0,0.0,-7025.0,1
88,1,1,0,0,0,0,0,0,0,0,0,1,0,1,1,0,1,0,0,0,0,1,1,0,1,0,1,0,0,1,0,0,0,1,0,0,0,0,0,0,0,1,1,1,0,0,0,0,0,1,1,0,1,0,1,0,0,0,0,0,0,0,0,1,0,1,0,0,1,1,1,0,0,0,1,0,1,1,1,1,1,0,0,0.0,-7025.0,1
89,1,1,1,0,1,0,0,1,1,0,0,1,0,0,1,1,1,1,0,0,0,1,0,0,0,0,1,0,0,1,0,1,1,0,0,0,0,0,0,0,0,1,0,0,1,0,0,0,1,1,0,0,1,0,1,0,0,1,0,0,0,0,1,1,0,0,0,1,0,0,0,0,0,0,1,1,0,0,1,0,0,0,1,0.0,-7025.0,1
90,1,1,0,1,0,0,0,1,1,0,0,1,0,0,0,0,1,1,0,0,0,1,0,0,0,1,0,0,0,0,0,0,0,0,0,0,0,1,0,0,0,0,0,0,0,0,1,0,0,1,0,0,1,1,1,1,1,1,0,0,0,0,1,0,1,1,1,1,0,0,1,0,1,0,1,0,1,0,0,0,0,1,1,0.0,-7025.0,1
91,1,1,0,0,0,0,0,0,0,1,0,0,0,0,0,1,0,0,0,0,0,0,1,0,1,1,0,0,1,0,0,0,1,1,1,0,0,1,0,1,1,1,1,1,1,1,0,0,1,0,1,0,0,1,1,0,1,0,1,0,0,0,0,0,0,0,1,0,0,1,0,0,1,0,0,1,1,0,0,0,0,0,0,0.0,-7025.0,1
92,1,1,0,0,0,0,0,0,0,0,1,1,0,0,1,0,1,0,0,0,1,0,0,1,0,0,0,1,0,1,0,0,1,0,0,1,0,0,0,1,0,0,1,0,0,1,0,0,1,1,0,0,1,0,0,1,1,1,1,1,0,0,0,0,0,0,1,1,0,1,0,0,0,0,0,1,1,1,0,0,0,1,0,0.0,-7025.0,1
93,1,1,1,0,1,0,0,0,1,0,1,1,1,0,0,0,1,0,0,0,1,1,0,0,1,0,0,1,0,0,0,0,0,0,0,1,0,0,0,0,0,1,0,0,0,0,0,1,1,1,0,0,1,1,0,1,1,1,1,0,1,1,0,0,1,0,0,1,0,0,0,0,0,0,0,0,0,0,1,0,0,1,0,0.0,-7025.0,1
94,1,1,1,1,0,0,0,0,1,0,0,0,1,1,0,0,1,0,0,0,1,0,1,1,1,0,1,1,0,0,0,0,1,0,0,0,1,0,1,1,0,0,1,1,0,0,0,0,1,0,0,0,1,0,0,0,1,1,0,0,0,1,0,0,0,0,0,0,1,1,1,0,0,0,1,0,0,1,0,0,0,0,0,0.0,-7025.0,1
95,1,1,0,0,0,0,1,0,1,0,0,1,0,0,1,0,1,0,0,0,0,0,0,0,1,0,0,0,1,1,0,0,0,1,0,1,0,0,1,1,0,0,1,1,1,0,0,1,1,0,1,0,0,0,1,0,1,1,0,0,1,0,0,0,0,0,0,0,0,1,0,0,1,1,0,1,1,0,0,0,0,0,1,0.0,-7025.0,1
96,1,1,1,0,0,0,1,0,0,0,1,0,0,0,1,0,0,0,0,0,0,1,1,0,0,0,0,1,1,0,1,0,0,0,1,0,1,1,1,1,1,1,0,0,0,0,0,1,0,1,0,0,1,0,0,0,0,0,0,0,1,0,0,0,1,0,0,1,0,1,0,0,0,0,1,0,1,1,0,1,0,0,1,0.0,-7025.0,1
97,1,1,1,0,1,1,1,1,0,0,1,0,0,1,0,0,0,0,1,0,0,0,0,0,0,0,1,0,0,0,0,0,0,0,0,1,1,0,0,1,0,0,0,0,1,1,0,0,0,1,1,0,0,0,0,0,1,0,1,0,0,0,1,1,0,1,0,0,0,1,1,0,1,0,1,0,0,1,0,0,1,1,0,0.0,-7025.0,1
98,1,1,0,1,0,1,0,0,1,0,0,0,1,1,1,1,0,1,0,0,0,1,0,1,1,0,0,1,0,0,1,1,0,0,1,0,1,0,0,1,0,0,0,1,0,0,1,0,0,0,0,1,0,0,0,1,0,1,0,0,0,0,0,0,0,0,0,1,0,0,1,0,0,1,1,0,0,1,0,0,0,1,0,0.0,-7025.0,1
99,1,1,0,1,0,0,0,0,0,1,0,1,0,0,0,0,1,1,0,1,0,0,1,1,0,0,0,1,1,0,0,0,0,1,0,1,1,0,0,0,0,0,1,0,0,0,0,0,0,1,0,0,0,0,0,0,0,1,1,0,0,1,0,0,1,0,0,1,0,0,1,0,1,1,1,1,0,1,0,0,1,1,0,0.0,-7025.0,1
100,1,1,0,0,1,0,0,0,0,1,1,0,0,0,0,0,1,0,1,0,0,0,1,1,1,0,1,1,1,0,0,0,0,1,1,0,1,0,1,0,1,0,0,0,0,1,0,0,0,1,0,0,0,0,0,0,0,0,1,0,1,0,0,1,1,0,0,1,0,0,0,0,1,0,1,1,0,0,0,0,1,1,0,0.0,-7025.0,1
101,1,1,0,0,0,0,0,0,1,0,0,0,0,1,1,0,0,0,0,0,0,1,0,0,0,0,0,0,1,0,0,0,1,0,1,0,1,1,0,0,1,1,0,0,1,1,0,1,1,1,0,0,0,0,0,0,1,0,1,0,0,1,0,1,0,0,0,0,1,1,1,0,1,0,1,1,0,0,1,1,0,0,0,0.0,-7025.0,1
102,1,1,0,0,0,0,0,0,0,1,0,0,0,0,1,1,1,1,0,1,0,0,0,1,0,0,1,0,0,1,0,1,0,1,0,1,0,0,0,0,1,1,0,1,1,0,0,0,1,1,0,0,0,0,0,0,1,1,0,0,0,0,1,0,0,0,0,0,0,1,1,0,1,1,1,0,1,0,0,0,0,0,1,0.0,-7025.0,1
103,1,1,0,1,0,0,1,0,0,1,1,1,1,1,0,0,1,0,0,1,1,0,0,0,0,0,1,0,1,1,0,1,0,0,0,0,1,1,0,0,0,1,0,0,0,0,1,1,0,1,0,1,0,0,0,0,0,1,1,0,0,1,0,0,0,0,0,1,0,0,0,0,0,0,0,1,0,0,0,0,0,1,1,0.0,-7025.0,1
104,1,1,1,0,1,0,1,0,1,1,0,1,1,0,0,0,0,1,0,0,0,1,1,1,1,0,0,0,0,1,0,1,0,0,0,0,0,1,0,1,0,1,1,1,1,0,1,0,0,0,0,0,1,0,1,0,0,1,1,0,0,0,0,0,1,0,0,0,1,0,1,0,0,0,0,0,0,0,1,0,0,0,0,0.0,-7024.0,1
105,1,1,1,0,0,0,0,0,1,0,1,0,1,0,1,0,0,0,0,0,0,1,0,0,0,0,1,0,1,0,1,0,0,1,1,1,1,0,0,0,1,0,0,1,0,0,0,1,0,0,0,0,1,0,1,0,0,1,0,0,0,0,0,1,1,0,1,0,0,1,1,0,0,1,1,0,1,1,0,1,0,0,0,0.0,-7024.0,1
106,1,1,0,0,0,1,1,0,1,1,1,0,0,0,1,0,0,1,0,0,0,0,1,0,1,1,0,0,1,1,1,0,1,0,0,0,0,0,0,0,1,1,0,0,1,0,0,1,0,1,0,1,1,0,1,0,1,0,0,1,0,1,0,0,1,0,0,0,0,1,0,0,0,0,0,1,1,0,0,0,0,0,0,0.0,-7024.0,1
107,1,1,0,0,0,0,0,0,1,0,1,0,0,0,0,0,0,0,1,0,1,1,1,0,1,0,0,0,0,0,0,1,0,0,1,1,1,1,0,0,0,1,0,1,0,0,0,0,1,1,1,0,0,0,1,0,0,1,1,0,1,0,0,0,0,1,1,1,0,0,1,0,0,1,1,1,0,0,1,0,0,0,0,0.0,-7024.0,1
108,1,1,1,1,0,1,0,0,0,1,0,1,0,0,0,1,1,1,0,0,0,0,0,1,1,0,0,0,0,0,0,0,1,0,0,0,1,1,0,1,0,1,1,0,0,0,1,1,1,1,0,0,0,0,1,0,0,0,1,0,0,0,0,1,0,1,1,0,1,1,0,0,1,0,1,0,0,0,0,0,0,0,0,0.0,-7024.0,1
109,1,1,0,0,0,1,0,1,0,1,1,1,1,0,1,0,0,1,1,1,1,0,0,0,1,0,0,0,0,0,0,0,0,1,1,1,0,1,0,1,1,0,1,0,0,0,0,0,0,1,1,0,1,0,0,0,1,0,0,0,0,1,0,1,0,0,1,0,1,1,0,0,0,0,0,0,0,0,0,1,0,0,0,0.0,-7024.0,1
110,1,1,0,0,0,0,0,0,0,0,1,1,0,0,0,0,1,0,0,0,0,0,0,0,1,0,0,1,1,0,1,0,0,0,0,0,1,1,0,0,0,1,0,0,0,1,1,0,1,0,0,0,1,0,0,1,0,1,0,0,1,1,1,0,0,1,1,0,0,0,1,1,1,0,1,0,0,1,0,1,1,1,0,0.0,-7024.0,1
111,1,1,1,0,1,0,0,0,1,1,0,0,1,0,1,0,0,0,1,0,0,0,0,0,0,0,1,0,1,0,0,1,0,1,1,1,1,0,1,1,0,0,1,1,1,0,0,1,1,0,0,0,1,0,0,0,0,1,0,0,0,0,0,0,1,0,0,0,0,0,0,0,1,0,1,0,0,1,1,0,0,1,0,0.0,-7024.0,1
112,1,1,0,0,1,0,0,0,0,0,1,0,1,1,1,0,1,0,0,1,0,0,1,0,0,0,0,1,0,0,1,1,0,0,0,0,1,0,0,0,1,1,0,1,0,0,1,0,0,0,0,0,1,1,0,0,1,1,0,0,0,1,0,0,0,0,0,0,1,1,0,0,0,1,0,0,1,1,0,1,0,1,1,0.0,-7024.0,1
113,1,1,1,1,0,1,0,1,0,0,0,1,0,0,0,1,0,1,0,0,1,0,1,1,0,1,1,1,1,0,0,1,0,0,0,0,0,1,0,0,1,0,0,0,1,0,1,0,1,1,0,1,1,0,0,0,0,0,0,0,0,0,0,0,0,0,1,1,0,0,0,0,0,0,1,1,0,0,0,0,0,1,1,0.0,-7024.0,1
114,1,1,1,0,0,0,0,0,0,0,0,1,1,1,1,0,1,0,1,0,0,0,0,0,1,1,0,1,0,0,1,0,1,1,0,1,0,0,0,0,0,0,0,0,1,0,1,1,0,0,1,0,0,0,0,1,0,1,0,0,0,0,1,0,1,1,0,0,0,1,0,0,0,1,1,1,0,0,0,1,0,1,0,0.0,-7024.0,1
115,1,1,0,0,0,0,1,0,0,0,0,0,1,1,1,0,1,0,0,0,0,1,0,0,1,0,0,0,0,1,1,0,0,1,1,0,1,0,0,0,0,1,0,1,0,0,0,1,0,0,1,1,0,0,0,0,1,0,0,0,1,1,1,0,0,0,1,1,0,0,1,1,0,0,1,0,1,1,0,1,0,0,0,0.0,-7024.0,1
116,1,1,1,0,1,0,1,0,0,0,0,0,1,0,0,0,0,1,0,0,0,0,0,0,1,0,0,1,1,0,1,0,0,1,0,0,1,1,0,1,0,0,0,0,1,0,0,0,1,1,1,0,1,0,1,0,1,1,0,0,1,1,0,1,1,1,1,1,0,0,0,0,0,0,1,0,0,0,0,0,1,0,0,0.0,-7023.0,1
117,1,1,0,0,0,1,0,0,1,1,1,0,0,0,0,0,1,1,0,0,1,0,1,0,0,0,0,0,1,1,0,0,0,0,1,1,0,0,1,1,1,0,0,1,0,0,0,1,0,0,1,1,1,0,1,0,1,1,0,1,0,1,0,0,1,0,0,0,0,0,1,0,1,0,0,0,0,0,0,1,0,1,0,0.0,-7023.0,1
118,1,1,0,1,1,0,0,0,0,0,0,1,0,0,1,1,1,1,0,1,1,1,0,1,1,0,0,0,0,0,0,0,1,1,0,0,1,1,1,0,1,0,1,1,0,0,0,0,0,0,0,1,1,0,1,0,1,0,0,0,0,0,1,0,0,0,1,0,0,0,1,0,0,0,0,0,0,1,1,1,0,0,0,0.0,-7023.0,1
119,1,1,0,0,0,0,0,1,0,0,0,0,0,0,1,0,1,1,1,1,1,0,0,0,0,0,0,1,0,1,1,0,1,0,0,0,0,0,0,0,1,1,1,0,0,0,0,0,1,0,0,0,1,0,1,0,0,0,0,0,0,0,0,0,1,1,1,1,1,0,1,1,0,1,1,0,0,0,1,1,1,1,0,0.0,-7023.0,1
120,1,1,0,0,0,1,0,1,0,0,0,1,0,1,1,0,1,1,1,0,0,0,0,0,0,0,1,0,0,0,0,0,0,0,0,0,0,0,0,0,0,0,1,1,0,0,0,1,0,1,1,1,1,1,1,1,1,1,0,1,1,0,0,1,0,0,0,1,0,1,1,0,1,0,0,1,0,0,1,0,0,0,0,0.0,-7023.0,1
121,1,1,0,0,0,1,1,0,0,0,0,1,0,0,1,0,1,0,0,1,1,1,0,1,1,0,0,0,0,0,0,1,0,1,0,0,0,0,1,0,0,0,0,0,1,0,0,1,1,0,0,0,0,1,1,0,0,1,1,0,1,0,0,0,0,0,1,0,0,1,1,1,0,0,1,1,1,1,0,1,0,0,0,0.0,-7023.0,1
122,1,1,1,0,1,1,0,0,0,1,0,1,1,0,0,0,1,0,0,0,0,0,1,1,1,0,1,0,0,0,1,1,0,0,0,1,1,0,0,1,0,1,0,1,1,0,1,1,0,0,1,1,1,0,0,0,0,0,0,1,1,0,0,1,0,0,0,0,0,0,0,0,0,0,0,0,1,1,1,0,0,0,0,0.0,-7023.0,1
123,1,1,0,0,1,0,0,0,0,0,0,1,0,0,0,0,1,0,1,0,0,0,0,0,1,0,1,0,0,1,0,1,0,0,0,0,0,0,1,1,1,1,0,1,1,0,0,1,1,0,0,0,1,0,0,0,0,1,1,0,0,1,0,0,1,0,0,0,0,1,0,1,1,0,1,0,1,1,1,1,1,0,0,0.0,-7023.0,1
124,1,1,1,0,1,1,1,1,0,0,0,1,0,0,1,0,0,1,0,0,1,0,1,0,0,0,0,1,1,0,0,1,1,0,0,0,0,0,0,1,0,0,0,1,0,0,0,1,1,0,1,1,1,1,0,0,0,1,0,0,1,0,0,1,0,0,1,0,0,1,0,0,0,0,1,0,1,0,0,0,1,0,0,0.0,-7023.0,1
125,1,1,0,0,0,1,0,0,1,0,0,0,0,0,0,0,1,0,0,0,0,0,0,1,0,0,1,0,1,0,1,1,0,1,0,0,1,0,0,0,0,0,0,0,1,1,1,1,0,1,1,1,0,1,1,0,0,1,0,0,1,1,1,0,0,1,0,1,1,0,0,0,0,1,1,0,1,0,0,0,1,0,0,0.0,-7023.0,1
126,1,1,0,0,1,1,0,0,0,1,1,0,0,1,0,1,0,1,0,1,0,0,1,0,0,0,1,1,1,0,0,0,0,0,0,0,0,0,1,1,0,1,0,0,0,1,0,0,0,1,0,0,1,0,0,0,0,1,0,0,1,0,1,1,0,1,0,0,0,1,1,0,0,0,1,0,0,1,1,1,0,1,0,0.0,-7023.0,1
127,1,1,0,1,1,0,1,0,0,0,0,0,0,0,1,1,0,0,1,0,0,0,0,1,0,0,0,0,0,0,0,0,0,0,0,0,0,1,0,0,1,1,1,0,1,1,0,1,1,1,0,1,1,0,0,1,0,1,0,0,1,0,1,0,0,0,0,1,0,0,0,0,1,1,0,1,1,1,0,0,1,0,1,0.0,-7023.0,1
128,1,1,1,0,0,0,0,0,1,0,1,1,0,0,1,0,0,0,1,0,0,0,1,0,1,1,0,0,0,0,0,1,1,0,0,0,0,1,0,1,0,0,0,1,1,1,1,0,0,1,1,0,0,1,0,0,0,1,0,0,0,0,0,1,1,0,0,1,0,1,1,0,0,0,1,1,0,0,1,1,0,0,0,0.0,-7023.0,1
129,1,1,1,0,0,1,1,1,0,1,0,1,1,0,0,1,0,1,0,0,0,1,0,1,0,0,0,1,0,0,0,0,0,1,0,0,0,1,0,0,1,0,0,0,1,1,0,0,0,1,0,1,0,0,0,0,1,0,1,0,0,0,1,0,0,0,1,1,0,1,1,1,0,0,1,0,0,1,0,0,0,1,0,0.0,-7023.0,1
130,1,1,0,0,1,0,0,0,0,0,1,0,0,1,1,0,1,1,0,0,1,0,0,1,0,0,0,0,0,0,1,1,0,0,0,0,1,0,0,1,0,0,1,1,0,0,1,1,0,0,0,0,1,0,0,0,1,0,1,0,0,0,1,0,0,1,1,1,0,1,0,0,1,0,1,0,1,0,0,0,1,1,1,0.0,-7023.0,1
131,1,1,0,1,1,0,0,0,0,0,0,0,0,0,1,0,0,0,0,0,1,1,1,1,1,0,1,0,0,1,0,1,0,1,0,0,1,1,0,0,0,0,1,0,0,1,0,1,1,1,1,0,0,1,0,0,1,0,0,0,0,1,0,0,0,1,0,0,0,1,1,1,1,1,0,0,0,0,0,1,0,0,0,0.0,-7023.0,1
132,1,1,0,1,0,0,0,0,1,0,0,0,0,1,1,1,1,1,0,0,0,0,0,0,0,1,0,1,0,0,0,0,0,1,0,0,1,0,1,0,1,0,1,0,0,0,0,1,1,0,1,1,0,0,0,1,0,1,0,0,0,1,1,1,0,0,0,0,0,0,0,1,0,0,1,1,0,1,1,1,1,0,0,0.0,-7023.0,1
133,1,1,1,1,0,0,0,1,0,1,0,0,0,0,1,0,0,0,0,0,1,0,0,1,0,0,1,1,0,0,1,0,1,1,0,0,1,0,0,1,1,0,0,0,1,0,1,1,0,0,1,0,0,0,0,0,0,0,1,1,0,1,1,1,0,0,1,0,1,0,0,0,0,0,0,0,0,0,1,1,1,0,1,0.0,-7023.0,1
134,1,1,1,0,1,0,0,0,1,0,0,0,0,0,1,0,1,1,1,1,1,1,0,0,0,0,0,1,1,0,0,1,0,0,0,0,1,0,1,0,1,0,0,0,0,1,1,0,1,0,0,1,0,0,0,0,0,1,1,0,1,0,0,0,1,1,0,0,1,0,0,0,0,0,0,1,0,1,1,0,0,0,1,0.0,-7023.0,1
135,1,1,0,1,0,0,0,0,0,0,0,0,0,1,0,0,1,0,0,0,1,0,1,0,0,0,0,0,0,0,1,1,0,1,0,0,1,1,0,1,0,1,0,0,1,1,1,1,0,0,1,0,1,0,1,1,0,0,1,0,0,1,1,0,0,1,0,1,1,1,0,0,1,0,0,0,1,1,1,0,0,0,0,0.0,-7022.0,1
136,1,1,0,1,0,0,0,0,0,0,0,0,1,1,0,1,1,1,0,0,0,0,1,0,0,0,0,0,0,0,0,0,0,0,1,1,0,0,0,1,1,0,1,0,1,0,1,1,1,1,0,1,1,0,1,1,0,0,1,1,0,1,0,0,0,0,1,0,1,0,1,0,1,0,1,0,1,1,0,0,0,0,0,0.0,-7022.0,1
137,1,1,1,0,0,1,1,0,0,0,0,0,0,1,0,1,0,0,0,0,0,0,1,0,0,0,1,0,1,0,0,0,0,0,1,1,1,0,0,0,0,0,1,1,1,0,0,1,1,0,1,1,1,1,1,0,0,0,0,1,0,1,0,0,1,0,0,0,0,1,0,0,0,0,0,1,1,1,1,1,0,1,0,0.0,-7022.0,1
138,1,1,0,0,0,0,1,0,0,0,1,0,1,0,0,1,1,0,1,0,1,1,0,1,1,0,0,0,1,0,1,0,1,0,0,0,1,1,1,0,0,1,0,0,1,0,0,0,1,0,0,0,1,1,1,0,1,0,0,0,0,0,0,0,1,1,1,1,0,0,0,0,0,0,0,0,1,1,1,0,1,0,0,0.0,-7022.0,1
139,1,1,0,1,1,1,0,0,0,1,0,1,1,1,1,0,0,0,0,0,1,1,0,0,1,0,1,0,0,1,0,0,0,0,0,0,1,0,1,1,1,0,0,0,0,0,1,1,1,0,0,0,1,1,0,1,1,0,0,0,0,0,1,1,0,1,0,0,0,0,0,0,0,1,0,1,1,0,0,1,0,0,0,0.0,-7022.0,1
140,1,1,0,0,0,1,0,1,0,0,0,0,1,0,0,0,0,1,0,0,0,1,1,0,0,1,1,1,1,0,0,0,0,1,1,0,1,1,0,1,0,0,1,1,1,0,0,0,1,0,0,0,1,1,0,0,1,0,0,0,1,0,0,1,0,0,1,1,0,0,0,1,1,0,0,1,1,1,0,0,0,0,0,0.0,-7022.0,1
141,1,1,0,0,1,0,0,1,0,0,1,0,0,1,1,0,0,1,0,0,1,0,1,0,0,0,0,1,0,1,0,0,0,0,0,1,1,0,0,0,0,1,0,0,1,1,0,1,0,1,1,1,1,0,0,0,0,1,0,0,1,0,1,1,0,1,1,0,1,0,0,0,0,0,1,1,1,0,0,1,0,0,0,0.0,-7022.0,1
142,1,1,0,0,1,0,1,0,1,0,1,0,1,0,1,0,0,0,0,0,0,0,1,0,1,0,0,0,0,0,0,1,0,1,1,0,1,1,0,0,0,0,0,0,1,1,1,1,0,0,1,0,1,1,0,1,0,0,0,1,0,0,1,0,0,1,1,0,1,0,0,0,0,1,1,0,1,0,0,0,1,1,0,0.0,-7022.0,1
143,1,1,0,0,0,0,1,1,1,0,1,0,1,0,1,1,1,0,0,0,0,0,1,0,1,0,0,0,0,0,1,1,0,1,0,0,0,1,0,0,0,1,0,0,1,1,1,1,1,1,0,0,0,0,1,0,0,0,0,1,1,0,0,0,0,0,0,1,1,1,1,0,1,1,0,0,1,0,0,0,0,0,0,0.0,-7022.0,1
144,1,1,1,0,1,0,0,0,1,0,1,0,0,0,0,0,0,1,0,0,1,0,0,0,0,1,1,1,1,0,0,1,0,0,1,0,0,0,0,0,0,0,1,0,0,1,0,1,0,1,0,0,1,0,0,1,1,0,0,0,1,0,1,0,0,1,1,1,1,1,0,0,0,0,1,1,0,0,1,1,1,0,0,0.0,-7022.0,1
145,1,1,1,1,0,1,0,0,1,0,1,0,1,0,1,1,1,0,0,0,1,1,0,1,0,0,1,0,1,0,0,0,1,0,0,0,0,0,1,1,0,0,0,0,0,0,0,1,1,1,0,1,0,0,1,0,0,0,0,1,0,1,0,0,0,0,0,0,1,0,1,0,1,1,1,0,1,1,0,0,0,0,0,0.0,-7022.0,1
146,1,1,0,0,1,1,0,0,1,1,0,0,0,0,1,1,0,0,0,0,0,0,0,0,0,0,1,1,0,0,1,0,0,1,0,1,1,0,0,0,0,1,0,0,1,0,0,1,1,0,1,0,0,0,0,0,1,1,1,0,0,1,1,0,0,0,1,1,1,1,0,0,0,1,1,0,1,1,0,0,1,0,0,0.0,-7022.0,1
147,1,1,0,0,0,1,0,0,0,1,1,0,0,0,1,0,0,0,0,0,0,1,0,0,1,0,1,0,0,1,0,1,0,1,0,1,1,0,1,0,0,0,0,1,1,0,1,1,0,0,1,1,0,0,0,1,1,1,0,1,0,1,0,0,1,0,0,1,0,0,0,1,0,1,0,1,0,0,1,0,0,1,0,0.0,-7022.0,1
148,1,1,1,0,1,1,0,1,0,0,0,0,0,0,0,1,1,0,1,1,0,1,0,0,1,0,0,0,1,1,1,0,0,1,0,1,0,0,0,0,1,0,0,0,1,0,0,1,1,0,1,0,0,0,0,1,1,0,0,0,0,0,0,0,1,0,0,1,0,1,0,0,0,0,1,1,1,0,0,1,1,1,0,0.0,-7022.0,1
149,1,1,1,1,0,1,0,0,1,1,1,0,1,1,0,0,0,0,0,0,0,1,0,0,0,1,1,0,0,0,0,0,0,1,0,0,1,1,1,1,0,1,0,0,0,0,1,0,0,0,0,0,0,1,0,0,1,1,1,0,0,0,1,1,1,0,0,1,0,0,0,1,0,1,0,0,0,1,1,0,0,1,0,0.0,-7022.0,1
150,1,1,0,0,0,1,0,0,0,0,1,1,0,1,0,0,0,0,0,1,0,0,1,0,1,1,0,1,1,1,0,1,0,0,0,0,0,1,0,1,0,0,0,1,0,1,1,0,0,1,0,1,0,0,0,0,1,0,0,0,1,1,1,1,1,0,0,1,0,1,0,0,0,1,1,0,0,1,0,0,1,0,0,0.0,-7022.0,1
151,1,1,0,0,1,0,0,0,1,0,0,1,0,1,1,0,1,0,0,0,0,1,0,0,0,0,0,0,0,1,0,0,1,0,1,0,1,1,1,0,1,0,0,0,1,0,1,0,0,1,1,0,0,1,0,0,0,0,1,0,0,0,1,0,0,0,1,0,1,1,0,0,0,1,0,1,1,0,0,1,1,1,1,0.0,-7022.0,1
152,1,1,0,0,0,1,0,1,0,1,1,0,1,0,1,0,0,0,1,0,0,1,1,0,0,0,0,0,0,1,0,1,1,1,1,0,0,1,0,0,1,0,0,0,1,1,0,0,0,1,0,0,0,0,0,1,0,1,1,0,0,1,0,0,1,1,0,0,0,0,0,1,1,0,0,1,1,0,0,1,0,0,1,0.0,-7022.0,1
153,1,1,1,0,0,0,0,0,1,1,0,0,0,0,1,0,0,1,1,0,1,0,1,0,1,0,0,0,1,0,1,0,1,1,1,1,0,0,0,1,0,1,1,0,0,0,0,0,1,0,1,0,0,0,1,1,0,1,0,0,1,1,0,0,0,1,1,0,0,0,1,0,0,0,1,0,1,0,1,1,0,0,0,0.0,-7021.0,1
154,1,1,0,0,0,0,1,0,0,0,0,1,0,0,0,0,0,1,0,1,0,1,0,1,1,0,1,0,0,1,1,0,0,0,1,0,1,0,0,0,0,0,0,1,1,1,0,1,0,0,0,0,0,0,1,0,1,1,1,0,1,1,0,1,0,0,0,1,0,1,1,0,0,1,0,0,1,1,1,0,1,1,0,0.0,-7021.0,1
155,1,1,0,0,1,1,0,0,1,0,1,1,1,0,0,0,0,0,1,0,0,0,1,1,1,0,1,1,0,0,1,0,1,0,1,1,1,0,1,1,1,0,0,0,0,0,0,1,1,1,1,0,1,1,0,0,0,1,0,0,0,0,0,0,0,0,0,0,0,1,0,0,0,0,1,1,0,0,1,0,0,1,0,0.0,-7021.0,1
156,1,1,1,1,1,0,0,0,0,0,1,1,0,0,0,0,0,1,0,0,1,1,1,0,1,0,1,0,0,0,1,1,0,0,1,1,1,0,0,1,0,1,0,0,0,0,0,0,0,1,1,0,1,0,0,0,1,1,1,1,1,0,0,1,1,0,1,1,1,0,0,0,0,1,0,0,0,0,0,0,0,0,0,0.0,-7021.0,1
157,1,1,1,0,1,1,0,1,1,0,0,0,1,0,0,0,1,1,0,0,0,1,0,1,0,0,0,0,0,0,1,1,0,1,1,0,1,0,0,0,1,0,0,0,0,0,0,1,1,1,0,1,1,0,0,0,0,0,0,0,1,1,1,0,0,0,1,1,1,1,0,0,0,0,0,0,1,1,0,0,1,1,0,0.0,-7021.0,1
158,1,1,0,1,1,0,1,0,0,0,1,1,1,0,1,0,0,1,1,0,0,0,0,1,1,0,0,0,1,0,0,1,0,0,1,0,0,0,0,0,1,1,0,0,1,1,1,0,1,0,0,0,1,0,0,1,1,1,0,0,1,0,1,1,0,0,0,1,0,0,1,0,0,0,0,1,1,0,1,0,0,0,0,0.0,-7021.0,1
159,1,1,1,1,0,0,1,1,1,0,0,0,1,0,0,0,1,1,1,0,0,1,1,1,0,1,0,0,0,0,0,0,0,1,0,0,1,0,1,0,1,0,1,0,1,0,0,0,0,0,1,0,0,1,1,0,0,1,0,0,1,0,0,0,1,0,0,1,0,0,0,1,1,0,1,0,0,1,1,0,0,1,0,0.0,-7021.0,1
160,1,1,1,0,1,0,0,0,0,1,0,1,0,0,1,1,0,0,0,1,1,0,1,0,1,1,0,1,1,0,0,0,0,0,0,1,1,0,1,0,0,0,0,0,1,0,1,0,0,1,1,0,1,0,0,1,1,0,0,1,0,1,0,0,0,1,0,1,1,0,1,0,0,0,1,0,0,0,1,1,0,0,0,0.0,-7021.0,1
161,1,1,0,0,1,1,0,0,0,0,1,1,0,0,0,1,1,0,0,0,1,0,1,1,1,0,0,1,1,0,1,0,1,0,0,1,1,0,0,1,0,1,0,1,0,1,0,0,1,0,1,0,0,0,0,1,0,0,0,1,0,1,0,0,0,1,0,1,1,1,0,0,0,0,0,0,1,0,1,0,0,1,0,0.0,-7021.0,1
162,1,1,1,1,0,1,0,1,0,1,0,0,1,0,1,0,1,0,0,0,0,1,1,0,0,0,0,0,0,1,0,0,0,0,1,0,0,1,0,0,1,0,1,0,0,0,0,0,0,1,0,1,0,0,1,1,0,1,0,1,0,0,1,0,0,0,1,0,0,0,0,1,0,0,1,1,1,1,0,1,1,1,1,0.0,-7021.0,1
163,1,1,0,0,0,0,0,1,0,0,0,0,1,0,0,1,1,0,1,1,0,1,0,1,0,0,1,0,0,1,0,1,0,0,0,0,1,0,0,1,0,0,1,0,0,1,1,0,1,0,0,1,0,0,0,0,1,1,0,0,0,0,1,0,1,1,0,1,1,1,0,0,1,0,1,1,1,0,0,1,0,1,0,0.0,-7021.0,1
164,1,1,0,1,1,1,0,0,0,1,0,0,0,1,1,0,0,0,1,0,0,0,0,0,0,1,0,0,1,0,1,0,0,0,1,1,1,0,1,0,0,1,0,1,1,1,0,0,0,1,1,1,0,0,0,0,0,0,0,1,0,1,1,0,0,0,0,0,1,0,1,0,0,0,1,1,0,1,1,1,0,1,0,0.0,-7021.0,1
165,1,1,1,0,1,0,0,0,1,0,1,0,1,1,0,0,0,0,0,0,0,1,0,0,0,0,1,0,0,0,1,1,1,0,0,0,1,0,0,1,1,0,0,1,0,1,0,0,1,1,0,1,0,0,0,1,1,0,0,0,1,0,1,1,0,0,1,1,1,0,1,0,1,0,0,0,1,1,0,0,1,0,0,0.0,-7021.0,1
166,1,1,0,0,0,1,1,0,1,0,0,0,1,1,1,0,1,0,0,1,1,1,0,1,0,0,0,1,1,0,0,0,0,0,0,0,1,1,0,1,1,1,0,0,1,0,1,0,1,1,1,0,0,0,0,0,0,1,0,0,0,0,0,0,0,0,0,0,0,0,1,1,0,1,1,0,0,1,0,1,0,1,1,0.0,-7021.0,1
167,1,1,0,0,1,0,0,0,1,0,1,0,1,1,0,0,1,1,1,0,1,0,0,0,0,1,0,0,1,0,0,1,0,1,0,0,0,0,0,0,0,0,0,1,1,1,0,1,0,1,1,0,0,0,0,1,0,0,1,0,0,1,1,0,1,0,1,1,1,0,0,1,0,0,1,1,0,1,1,0,0,0,0,0.0,-7021.0,1
168,1,1,1,0,0,0,1,0,1,0,1,0,0,0,1,0,0,1,0,0,0,1,1,1,0,0,1,0,0,0,1,0,0,0,0,1,1,0,0,0,1,0,0,1,1,0,0,0,1,1,0,0,0,0,0,0,0,1,0,1,1,0,1,0,0,1,0,0,0,1,0,0,1,0,1,0,1,1,1,1,0,1,1,0.0,-7021.0,1
169,1,1,0,0,1,1,0,0,0,1,0,0,1,0,1,0,0,0,1,0,0,0,1,0,1,1,1,1,0,1,1,0,0,0,0,1,1,0,0,1,1,0,1,0,0,0,0,1,0,1,0,0,0,0,0,0,1,0,0,1,1,1,0,1,0,1,0,1,0,1,0,1,0,0,0,1,1,0,0,0,0,0,1,0.0,-7021.0,1
170,1,1,0,1,0,1,1,0,0,0,0,0,1,0,0,0,0,1,0,1,0,0,1,1,0,0,1,1,1,0,0,0,0,1,0,0,1,1,1,0,1,1,0,0,0,0,1,1,1,1,1,0,0,0,0,0,0,1,1,1,1,1,0,0,0,1,0,0,1,0,0,0,0,0,1,0,0,0,0,0,1,0,1,0.0,-7021.0,1
171,1,1,0,0,1,1,0,0,0,0,1,1,1,1,0,0,1,1,0,0,0,1,1,1,0,0,0,1,1,0,0,0,0,0,1,1,0,1,0,1,0,0,0,1,1,0,0,1,1,0,0,0,0,0,0,1,0,1,0,0,0,0,1,1,0,1,0,0,0,0,1,0,1,0,0,1,1,1,0,0,0,0,1,0.0,-7021.0,1
172,1,1,0,0,0,0,0,0,0,0,0,1,0,0,0,1,1,0,1,1,1,0,1,0,0,0,0,1,0,0,0,1,0,0,1,1,1,1,0,1,0,1,0,0,0,1,0,1,1,1,0,0,1,1,1,1,1,1,0,0,0,1,0,1,0,1,0,1,0,1,0,0,1,0,1,0,0,0,0,1,0,0,0,0.0,-7020.0,1
173,1,1,0,0,1,1,0,0,1,1,0,0,0,0,1,0,1,0,1,0,1,1,1,1,0,0,1,0,1,1,0,1,0,1,0,0,1,0,0,0,0,0,1,0,1,0,0,1,0,1,0,0,0,0,1,1,0,1,0,1,0,0,0,1,0,0,0,1,0,1,0,0,0,0,0,0,1,1,1,0,1,1,0,0.0,-7020.0,1
174,1,1,1,0,0,0,1,0,0,0,1,0,1,0,0,0,1,0,1,0,0,0,0,1,1,0,1,0,1,1,0,0,0,0,0,1,1,1,1,1,1,0,0,1,0,0,0,0,0,1,0,0,0,1,1,1,0,0,1,1,1,0,0,0,0,1,1,0,0,1,1,0,0,0,0,0,1,1,0,1,0,1,0,0.0,-7020.0,1
175,1,1,1,0,1,0,0,0,0,1,1,1,0,0,0,1,1,0,0,0,0,1,0,0,0,0,1,1,0,0,1,0,1,0,0,0,0,1,0,1,1,0,0,0,1,0,0,1,1,0,0,1,1,1,0,0,1,1,0,0,0,1,0,1,1,0,0,1,0,1,1,0,0,0,0,1,1,0,0,0,1,1,0,0.0,-7020.0,1
176,1,1,0,0,0,0,1,1,0,0,0,0,1,1,0,1,1,1,1,0,0,0,1,0,0,0,1,0,1,0,0,0,0,1,0,0,0,1,1,0,0,1,0,0,1,0,0,0,1,0,1,0,1,1,0,0,1,0,1,0,1,1,0,1,0,0,0,0,1,0,1,0,0,0,1,0,1,1,1,0,1,1,0,0.0,-7020.0,1
177,1,1,1,1,0,0,0,0,0,1,0,0,0,0,1,0,1,1,1,0,0,0,0,0,1,0,1,0,0,1,0,1,0,1,0,0,1,1,0,0,1,1,0,0,0,1,0,1,1,0,0,0,1,1,0,0,0,0,1,0,0,0,1,0,1,0,1,0,1,0,1,1,0,0,1,0,1,1,1,1,0,0,0,0.0,-7020.0,1
178,1,1,0,0,1,1,0,1,0,1,1,1,0,1,1,1,0,0,0,0,0,0,1,0,0,0,0,0,0,1,0,1,0,1,0,1,1,1,1,0,0,1,0,1,0,1,1,1,1,1,0,0,1,0,0,0,1,0,0,0,0,0,0,1,0,0,0,0,1,0,0,0,0,1,1,0,1,0,1,0,0,1,0,0.0,-7020.0,1
179,1,1,0,0,0,1,0,0,1,1,0,0,0,1,0,0,0,0,1,1,0,1,1,0,1,0,1,0,1,0,1,0,1,0,0,0,1,0,1,1,1,0,1,0,1,0,0,0,0,1,1,0,1,0,0,1,1,1,1,0,1,0,0,0,1,0,0,1,0,0,1,0,0,0,0,0,0,0,1,1,0,1,0,0.0,-7020.0,1
180,1,1,0,1,0,0,1,0,1,0,1,1,1,1,0,0,0,0,0,0,0,0,1,0,1,0,1,0,0,0,1,0,0,0,0,1,1,1,1,1,1,1,1,1,0,1,1,0,0,1,0,0,1,0,0,0,0,1,0,0,0,0,1,0,0,0,1,0,1,1,0,0,0,1,1,0,1,1,0,0,0,0,0,0.0,-7020.0,1
181,1,1,1,0,0,1,1,1,0,0,1,0,0,0,1,1,1,0,0,0,0,0,0,1,1,0,0,1,0,0,0,1,0,0,0,0,0,1,0,1,0,0,0,1,1,1,0,1,0,1,1,0,0,1,1,0,0,0,0,1,1,1,1,0,0,0,0,1,1,0,0,0,0,1,1,0,1,0,0,1,0,0,1,0.0,-7020.0,1
182,1,1,1,0,1,1,1,0,0,0,0,0,1,0,1,1,1,0,1,0,0,0,0,1,1,0,1,0,0,0,1,0,0,0,0,0,0,1,0,0,0,1,1,1,0,1,1,0,0,0,0,0,1,0,0,1,1,1,1,1,0,1,1,0,0,0,0,1,0,1,1,0,0,0,0,0,1,0,1,0,1,0,0,0.0,-7020.0,1
183,1,1,1,0,0,0,1,0,0,0,0,0,0,0,0,1,1,0,0,0,0,0,1,1,0,0,0,0,0,0,1,1,0,0,0,1,0,1,0,1,1,1,0,1,1,0,0,0,1,1,1,1,1,1,0,0,1,1,0,1,0,1,0,1,0,1,1,0,1,0,0,1,0,0,0,0,1,0,1,0,1,0,0,0.0,-7020.0,1
184,1,1,0,0,0,1,0,0,1,0,1,1,0,1,0,0,0,0,0,1,0,0,1,1,1,0,1,0,1,0,0,0,0,0,0,1,0,1,0,0,1,1,1,0,1,1,0,0,1,0,1,0,0,0,0,0,0,0,0,0,1,0,1,0,1,1,1,1,0,0,1,0,0,0,1,1,0,1,0,1,1,1,0,0.0,-7020.0,1
185,1,1,1,1,1,1,1,0,0,1,1,0,0,1,1,1,1,0,1,0,0,0,0,1,1,1,0,0,0,0,1,0,0,0,1,0,0,0,0,1,1,1,0,1,0,1,0,0,0,1,0,1,1,0,0,0,1,0,0,0,1,0,0,1,0,0,1,1,0,0,0,0,0,1,0,0,0,0,0,0,0,1,1,0.0,-7020.0,1
186,1,1,0,0,0,1,0,1,0,1,0,1,0,1,1,0,1,0,1,0,0,0,1,1,0,1,0,0,1,1,0,0,1,0,0,1,1,0,1,0,0,0,0,1,0,1,1,1,1,0,1,0,0,0,0,0,1,1,0,0,1,1,0,0,0,0,1,0,0,1,0,1,0,0,1,0,1,0,0,0,1,0,0,0.0,-7020.0,1
187,1,1,0,0,0,1,1,1,0,0,0,0,1,0,1,0,1,1,0,0,0,0,1,0,1,1,0,0,0,0,0,1,0,0,1,0,1,0,0,1,1,1,0,1,0,0,0,0,0,1,0,1,1,0,0,0,1,0,0,1,0,1,0,1,1,0,1,0,0,0,1,0,0,1,0,0,0,1,1,1,0,1,1,0.0,-7020.0,1
188,1,1,0,0,0,0,0,0,0,0,1,1,0,1,1,0,1,0,0,1,0,0,0,0,1,0,1,1,1,1,0,1,0,1,0,0,1,1,0,0,0,1,0,1,0,0,0,1,1,0,0,0,0,0,0,0,0,1,1,1,1,0,0,1,0,0,1,1,0,0,0,1,1,0,1,1,0,0,1,1,1,0,0,0.0,-7020.0,1
189,1,1,0,1,0,0,1,0,1,0,0,1,0,0,0,1,1,1,0,0,0,0,0,0,0,0,1,1,0,0,1,0,0,0,0,1,1,0,1,1,1,1,0,0,1,1,0,1,1,0,0,0,1,0,0,0,0,1,0,1,0,0,0,0,1,0,1,1,0,0,1,0,0,0,1,1,0,1,1,1,0,0,1,0.0,-7020.0,1
190,1,1,0,0,1,1,0,1,0,0,1,1,0,0,0,0,0,0,1,0,1,1,1,0,1,0,0,0,1,0,0,0,0,0,0,1,1,1,0,0,1,0,0,1,0,1,1,1,0,1,1,1,0,0,0,0,1,1,0,0,1,0,1,0,0,1,0,0,1,0,0,0,1,1,1,0,0,0,0,1,0,1,0,0.0,-7020.0,1
191,1,1,1,0,0,1,1,0,0,0,0,0,0,1,0,1,1,0,1,0,1,1,1,0,1,0,0,0,0,0,0,0,0,1,1,1,0,1,0,0,0,1,0,0,0,0,1,1,0,0,1,0,0,1,0,0,1,0,1,1,0,1,0,0,1,1,0,1,1,0,0,0,0,0,1,0,1,0,1,0,1,1,0,0.0,-7020.0,1
192,1,1,1,1,0,0,0,1,1,0,1,0,0,1,1,1,1,0,0,0,0,1,0,1,1,0,1,1,0,0,0,1,1,1,0,0,1,0,1,0,1,1,1,0,1,0,0,1,0,1,0,0,0,0,0,1,0,0,0,0,0,1,0,0,0,0,0,1,1,0,0,0,0,0,1,0,1,1,0,0,1,0,0,0.0,-7020.0,1
193,1,1,0,0,0,0,0,0,1,1,1,0,1,0,1,1,0,0,0,0,0,0,0,0,0,0,0,1,1,0,1,1,1,0,1,0,1,0,0,1,1,1,1,0,0,0,0,1,1,1,0,0,0,1,0,0,1,0,0,0,1,0,1,0,0,0,1,1,0,0,0,0,1,1,1,1,0,1,0,0,1,0,1,0.0,-7020.0,1
194,1,1,1,0,0,0,1,0,0,1,0,0,0,0,0,0,1,1,0,0,0,1,0,1,0,0,0,0,1,0,0,1,1,0,1,1,1,0,1,1,0,0,0,0,1,0,1,1,0,1,0,0,0,1,0,0,0,1,0,0,0,1,1,0,0,1,1,1,0,1,0,0,1,0,1,1,1,0,0,0,0,1,1,0.0,-7020.0,1
195,1,1,1,0,0,1,0,0,0,1,0,0,1,1,0,1,0,0,1,0,0,0,0,0,1,0,0,0,0,0,0,0,0,0,1,1,1,0,0,0,0,0,0,1,1,0,0,0,1,1,1,0,0,1,1,0,1,1,0,0,1,1,1,0,0,0,0,0,1,1,0,0,1,1,1,1,1,1,1,1,0,1,0,0.0,-7019.0,1
196,1,1,1,0,1,1,1,0,0,1,0,1,1,1,1,0,1,1,0,0,0,0,1,0,0,0,1,0,1,0,0,1,1,1,0,0,0,0,0,0,1,1,0,0,1,0,1,1,0,1,0,0,0,0,1,0,0,1,0,0,0,0,1,1,0,1,0,0,0,1,0,0,0,0,1,1,0,0,1,1,0,1,0,0.0,-7019.0,1
197,1,1,0,0,0,0,0,0,1,1,1,0,1,1,0,0,0,1,1,1,0,0,1,0,1,0,1,0,1,0,0,0,0,1,0,1,0,1,1,0,0,1,0,1,0,0,1,0,0,0,1,0,0,1,1,1,0,1,0,0,0,1,0,0,0,1,0,1,0,1,0,0,0,1,1,0,1,1,1,1,0,0,0,0.0,-7019.0,1
198,1,1,1,0,1,0,1,0,0,0,0,1,0,0,1,0,1,0,1,0,0,1,0,0,1,1,1,0,0,1,0,0,1,0,0,1,1,0,0,0,0,0,0,0,1,1,0,1,0,0,0,1,0,1,1,0,1,1,1,0,0,1,0,0,0,0,0,1,1,1,1,1,0,1,0,0,1,1,0,0,0,1,0,0.0,-7019.0,1
199,1,1,0,0,0,0,0,0,1,0,1,1,1,1,1,0,0,1,1,0,0,0,0,0,0,1,1,1,1,0,1,1,1,0,0,0,0,1,0,1,0,1,0,0,0,0,0,0,1,0,0,1,0,0,1,1,0,1,1,0,1,1,0,0,0,0,1,1,0,0,1,0,0,1,1,0,1,1,0,0,1,0,0,0.0,-7019.0,1
200,1,1,1,0,0,1,0,1,1,0,0,0,0,0,1,0,0,0,1,0,0,1,0,1,0,1,1,1,0,0,1,0,1,0,1,0,1,0,0,1,0,1,0,1,0,1,0,1,0,1,0,0,1,1,0,0,0,1,0,0,0,0,0,1,1,1,0,0,1,1,1,0,0,1,1,0,1,1,0,0,0,0,0,0.0,-7019.0,1
201,1,1,1,0,0,0,1,1,0,1,0,1,0,1,1,1,1,1,0,1,0,0,1,0,1,0,0,0,0,0,0,0,1,0,0,0,1,1,1,0,0,0,0,0,0,0,0,0,1,0,1,0,1,0,0,1,1,1,0,0,0,0,1,0,1,1,1,0,0,0,0,0,0,1,1,0,1,1,1,1,0,1,0,0.0,-7019.0,1
202,1,1,0,0,0,0,1,0,0,0,0,1,0,0,0,1,1,1,0,0,0,1,0,0,1,0,1,0,1,1,0,1,0,1,1,0,0,0,0,1,1,0,0,0,0,1,1,0,1,0,1,0,1,0,0,0,1,1,0,0,1,0,1,0,1,0,0,1,1,1,0,0,1,1,0,0,1,1,0,0,0,1,1,0.0,-7019.0,1
203,1,1,1,0,0,0,1,0,0,0,0,0,1,0,0,1,1,1,1,1,0,1,1,0,0,1,1,1,0,0,0,1,1,0,1,0,1,1,0,0,1,1,0,0,1,0,0,1,0,0,1,0,1,1,0,0,0,0,0,1,0,0,0,0,1,0,0,1,0,0,0,0,1,0,1,0,1,0,0,0,1,1,1,0.0,-7019.0,1
204,1,1,1,0,1,1,0,1,0,0,0,1,0,0,0,0,0,1,1,1,0,1,0,0,0,0,0,0,0,0,0,1,0,1,0,0,1,0,0,1,1,1,1,0,1,0,0,0,1,0,0,0,0,0,0,0,1,1,1,1,1,1,0,0,1,0,0,0,1,0,1,1,1,0,1,0,1,0,1,0,1,1,0,0.0,-7019.0,1
205,1,1,0,0,0,1,0,1,1,0,1,0,1,0,0,1,1,0,1,0,0,0,1,1,0,0,0,0,1,1,0,0,1,0,0,1,1,0,1,0,0,1,1,0,1,1,0,0,1,0,0,1,1,0,0,0,0,0,0,0,1,1,1,0,0,0,0,1,0,1,0,1,1,0,1,0,1,0,1,0,0,0,1,0.0,-7019.0,1
206,1,1,0,1,0,1,0,0,1,0,0,0,1,0,1,0,0,1,1,0,0,1,1,0,0,0,0,1,1,0,0,0,0,1,0,0,0,0,0,1,1,0,1,1,0,0,0,0,0,0,1,1,0,0,0,0,0,0,0,0,1,0,1,0,0,1,1,1,1,1,1,1,1,1,0,0,0,1,1,1,1,1,0,0.0,-7019.0,1
207,1,1,0,1,1,1,1,1,0,0,1,0,0,1,1,0,0,1,0,0,0,0,1,0,1,0,0,0,0,0,1,0,0,0,1,0,0,0,1,0,0,1,1,1,0,1,0,0,1,1,0,1,0,0,0,1,0,0,1,0,1,0,1,1,1,1,1,0,1,1,0,0,0,0,1,0,0,0,0,1,0,0,1,0.0,-7019.0,1
208,1,1,0,0,1,1,1,0,0,0,1,1,1,0,1,0,1,1,0,0,0,0,1,1,1,0,1,0,0,0,1,0,0,0,0,1,0,0,1,0,0,1,1,1,1,0,0,1,0,1,0,1,0,0,0,0,0,0,0,0,1,0,1,1,0,0,0,0,1,0,0,0,1,1,0,0,1,1,0,0,1,1,1,0.0,-7019.0,1
209,1,1,1,0,1,0,0,0,0,0,0,0,0,0,1,1,0,0,0,0,1,1,0,1,1,0,1,0,1,0,1,0,1,0,0,1,0,1,1,0,1,1,0,1,1,1,0,0,0,1,1,0,1,0,1,0,0,1,1,1,1,1,0,0,1,0,0,0,1,0,1,0,0,0,0,0,1,0,1,0,0,1,0,0.0,-7018.0,1
210,1,1,1,1,1,0,0,0,1,1,1,0,1,1,0,0,0,1,0,0,0,0,1,0,0,0,1,0,1,0,0,1,0,0,0,0,1,0,1,0,0,1,1,1,1,0,1,1,1,1,0,0,1,1,1,1,0,0,0,0,1,0,0,0,1,0,0,1,0,1,0,1,0,0,1,0,1,0,0,1,0,0,0,0.0,-7018.0,1
211,1,1,1,0,1,0,0,0,1,1,0,0,0,1,1,0,0,0,1,1,0,1,0,0,0,1,1,0,0,0,0,0,1,0,1,0,1,0,0,0,1,1,1,1,1,1,1,0,0,0,1,0,1,1,1,1,0,0,0,1,1,1,0,0,0,0,1,1,0,1,1,0,0,0,0,0,0,1,0,0,0,1,0,0.0,-7018.0,1
212,1,1,0,1,1,0,1,0,1,1,0,0,1,1,0,0,0,0,0,0,1,0,0,0,1,1,1,0,1,0,1,0,0,0,1,1,1,0,0,1,1,1,0,1,1,0,1,0,0,0,1,0,0,0,1,0,1,1,0,1,0,0,0,1,0,0,0,1,1,1,1,0,0,1,1,0,1,0,0,0,0,0,0,0.0,-7018.0,1
213,1,1,0,0,1,1,1,0,1,0,1,0,0,0,0,0,0,1,1,0,1,1,1,1,0,0,1,0,0,0,0,0,1,0,0,0,1,1,0,1,0,0,0,0,0,0,0,0,0,1,1,1,1,0,1,0,1,1,1,0,0,1,0,0,1,1,1,0,0,0,1,0,0,1,1,0,0,1,1,0,1,0,1,0.0,-7018.0,1
214,1,1,1,0,1,0,0,0,0,0,0,0,0,0,0,1,1,1,1,0,0,1,1,1,0,0,1,1,0,0,1,0,1,0,0,1,0,0,0,1,0,1,1,1,0,0,0,1,0,0,1,0,1,0,1,0,0,0,1,1,1,1,0,1,1,1,1,0,0,0,0,0,0,0,1,1,1,0,1,0,0,0,1,0.0,-7018.0,1
215,1,1,1,0,0,1,0,0,1,0,1,1,0,1,1,0,0,1,0,0,0,1,1,1,0,1,0,0,0,1,0,1,0,0,1,0,1,1,0,1,0,0,0,0,1,0,0,1,1,1,1,0,0,1,1,1,0,0,1,1,0,0,0,0,0,0,1,1,0,0,1,0,0,0,1,0,1,0,1,1,0,0,0,0.0,-7018.0,1
216,1,1,0,0,0,0,1,0,1,0,0,0,0,0,1,0,0,0,0,1,1,1,0,1,0,0,0,1,1,1,0,0,0,1,0,1,0,0,0,1,0,1,1,0,1,0,0,0,0,1,1,0,0,1,1,0,1,0,1,0,0,1,1,1,1,0,1,1,0,1,1,0,0,1,0,0,1,1,1,1,0,0,0,0.0,-7018.0,1
217,1,1,0,1,0,0,0,0,1,1,1,1,0,1,0,1,0,0,0,0,0,1,1,0,0,1,1,1,0,1,1,0,0,0,0,1,0,1,0,0,1,0,1,1,1,0,0,0,0,1,0,0,1,0,1,0,1,0,0,0,0,1,1,1,0,0,0,1,1,1,0,1,0,0,0,0,1,1,0,0,1,0,1,0.0,-7018.0,1
218,1,1,1,0,0,0,1,1,1,1,0,0,0,1,0,1,0,1,1,1,0,0,1,0,1,0,1,0,0,0,1,0,1,1,1,0,0,0,0,0,0,1,0,0,1,1,0,1,1,1,1,0,0,0,1,0,0,1,1,0,1,0,0,1,0,0,1,0,0,0,0,0,1,0,0,1,0,1,1,1,0,0,0,0.0,-7018.0,1
219,1,1,1,0,0,0,1,0,0,1,1,1,0,0,0,1,1,1,1,0,0,0,0,1,1,0,1,0,1,1,0,0,0,1,0,1,1,0,0,1,1,1,0,1,0,0,1,1,0,0,1,0,1,0,0,0,1,0,1,0,1,0,1,0,0,0,0,1,1,0,0,0,1,0,1,1,0,0,0,0,1,0,0,0.0,-7018.0,1
220,1,1,0,0,0,0,0,0,1,0,1,0,0,1,1,1,1,0,1,0,1,1,1,1,1,0,0,0,1,0,0,1,0,1,0,0,1,0,0,0,0,0,0,0,1,1,1,1,1,1,0,0,1,0,0,1,0,0,0,0,1,0,1,0,0,1,1,1,1,0,1,0,1,1,0,0,0,0,1,0,0,1,0,0.0,-7018.0,1
221,1,1,1,1,1,1,1,0,0,1,0,0,0,0,0,0,0,1,1,0,1,1,1,1,1,0,0,0,1,0,0,0,0,1,0,0,1,1,0,1,0,1,0,0,0,0,0,1,1,0,1,0,0,0,1,0,0,1,1,0,0,1,1,0,1,0,1,0,0,0,1,0,1,0,1,1,1,0,0,0,0,0,1,0.0,-7018.0,1
222,1,1,1,0,1,0,0,0,0,1,1,0,1,1,1,0,0,0,1,0,0,0,1,0,0,0,1,0,0,1,0,1,0,1,1,0,1,0,0,0,1,0,0,1,1,0,0,1,1,0,1,0,1,0,0,0,0,1,0,0,0,0,1,0,1,1,0,1,0,0,1,1,1,1,1,0,1,1,0,0,1,0,0,0.0,-7018.0,1
223,1,1,0,0,1,1,0,0,0,0,0,0,0,1,1,1,1,1,0,0,1,0,1,1,0,0,0,0,1,0,1,1,0,1,1,0,0,0,0,1,0,0,1,1,0,1,0,1,1,0,1,1,0,0,1,0,0,1,1,0,1,0,0,1,0,0,0,0,0,1,0,0,1,0,1,1,0,0,1,1,0,0,1,0.0,-7018.0,1
224,1,1,0,1,0,0,0,1,0,0,1,0,0,1,1,1,1,0,1,0,0,1,0,0,0,1,1,0,0,0,0,1,1,0,0,0,1,1,0,0,0,0,1,0,1,0,0,1,1,0,1,1,1,1,0,0,1,1,0,0,0,1,0,1,1,0,0,0,1,1,1,0,0,1,1,0,1,0,0,0,0,1,0,0.0,-7018.0,1
225,1,1,1,0,0,1,0,0,0,0,1,1,0,0,1,1,1,1,0,0,0,1,0,1,0,0,0,1,0,0,0,0,0,1,0,1,1,0,0,1,1,0,0,0,0,1,0,1,0,0,0,0,0,0,1,1,0,1,0,0,0,1,1,0,1,1,1,0,1,1,1,1,0,0,0,1,1,1,0,0,0,1,1,0.0,-7018.0,1
226,1,1,1,0,0,0,1,0,0,0,1,0,0,1,1,1,1,0,0,1,0,0,1,1,0,0,0,0,1,1,0,1,0,1,0,1,1,0,1,0,0,1,0,0,0,0,0,1,0,1,0,1,1,0,0,0,1,0,1,0,0,0,1,1,0,1,1,1,0,0,0,0,0,0,0,1,1,0,1,1,0,1,1,0.0,-7018.0,1
227,1,1,1,0,1,0,1,1,0,1,0,0,1,1,1,1,0,1,0,0,1,1,1,0,0,0,1,1,0,0,0,1,0,0,0,0,1,0,0,1,0,1,0,0,0,0,1,1,1,0,0,0,1,0,0,0,0,0,0,1,0,1,0,0,0,1,0,0,0,0,1,0,0,1,1,0,1,1,0,1,1,1,1,0.0,-7018.0,1
228,1,1,1,1,1,1,0,0,1,0,0,0,1,1,1,0,0,1,0,0,1,0,0,0,1,0,0,0,1,0,1,1,0,0,1,0,0,0,0,0,0,0,0,1,0,1,1,1,0,0,0,0,1,1,0,0,1,0,1,0,0,1,1,0,0,0,1,1,1,0,0,0,1,1,1,0,1,1,1,0,0,0,1,0.0,-7018.0,1
229,1,1,1,1,0,1,1,0,0,0,1,0,0,1,1,1,1,0,1,0,1,1,0,0,1,1,0,0,0,0,0,0,0,1,1,1,1,0,1,0,1,1,0,0,0,0,0,0,0,1,0,1,0,0,0,1,1,1,0,0,0,1,0,0,0,1,1,1,0,1,1,0,0,0,0,0,0,1,1,0,0,1,0,0.0,-7018.0,1
230,1,1,0,0,0,0,1,0,1,1,0,1,1,0,1,1,0,0,1,1,1,0,0,0,1,0,0,1,0,0,1,1,0,0,0,1,1,0,0,0,0,1,1,0,0,1,1,0,1,0,1,0,0,0,0,0,1,1,1,0,0,0,0,1,0,0,1,1,1,0,0,0,0,1,1,1,0,1,0,1,0,0,1,0.0,-7018.0,1
231,1,1,0,0,0,0,0,1,0,0,1,1,0,0,0,1,1,1,1,1,0,1,0,1,1,0,1,0,0,0,1,0,1,0,0,0,1,0,0,0,1,1,0,0,0,0,0,0,1,0,0,0,0,1,0,0,1,1,0,0,1,1,1,0,1,0,0,1,0,1,0,0,0,0,1,1,1,1,1,1,0,1,1,0.0,-7018.0,1
232,1,1,1,0,1,0,0,0,1,1,0,0,0,0,0,1,1,0,0,1,0,0,0,1,1,0,1,0,0,0,1,0,1,0,1,0,0,1,0,1,0,0,0,1,1,1,1,1,0,0,1,0,0,1,0,0,0,1,0,0,0,1,0,1,0,0,1,1,1,1,1,0,1,0,1,0,1,0,0,0,0,1,1,0.0,-7018.0,1
233,1,1,0,1,0,0,1,1,0,0,1,1,1,0,1,0,0,0,0,0,0,1,0,0,1,0,0,1,0,1,1,1,0,0,1,1,0,0,0,0,0,1,1,1,1,1,0,0,0,1,1,0,0,0,0,1,0,1,1,0,1,0,1,1,1,0,0,1,1,0,0,0,1,0,0,0,0,0,0,0,1,1,1,0.0,-7018.0,1
234,1,1,0,0,1,1,1,0,0,0,0,0,1,0,0,0,1,0,0,1,1,0,0,1,0,0,1,0,1,1,0,0,1,0,1,1,1,1,1,0,0,1,0,1,1,0,1,1,1,1,0,0,0,0,0,0,0,0,0,1,1,1,1,0,0,0,1,1,0,1,0,0,0,1,0,0,0,0,1,0,1,0,1,0.0,-7018.0,1
235,1,1,0,1,0,0,1,0,1,1,0,0,0,1,1,1,1,0,1,0,1,0,0,0,1,0,1,0,1,0,0,1,1,1,0,0,0,0,1,0,0,1,1,0,0,0,1,0,1,0,1,0,0,0,1,1,1,1,0,1,0,1,0,0,1,1,1,0,0,1,1,1,0,0,0,1,0,1,0,0,0,0,0,0.0,-7017.0,1
236,1,1,0,1,0,1,1,0,1,0,0,0,1,1,1,0,0,0,0,0,0,1,1,0,1,1,1,0,1,0,0,0,1,1,1,0,1,0,0,0,1,1,0,0,1,0,0,0,0,0,0,0,1,1,1,1,1,1,1,0,1,0,1,0,1,0,1,1,0,0,1,0,0,1,0,0,0,1,1,0,0,0,0,0.0,-7017.0,1
237,1,1,0,0,1,0,1,1,0,0,0,0,1,0,1,0,0,0,1,0,1,0,1,1,0,1,1,0,0,0,0,1,1,1,0,1,1,0,1,0,0,1,1,1,1,0,0,0,0,0,1,1,1,0,1,0,1,0,0,1,1,0,0,0,0,1,1,1,0,0,0,0,1,1,1,0,0,1,1,0,0,0,0,0.0,-7017.0,1
238,1,1,1,0,0,1,1,0,0,0,1,0,1,0,0,0,1,0,0,0,0,0,0,0,1,0,0,1,0,1,1,0,0,0,0,1,1,1,0,1,0,1,0,1,0,0,0,1,1,1,1,0,0,0,1,0,1,0,1,0,1,0,0,1,0,0,1,0,1,1,1,0,0,1,1,1,1,1,1,0,1,0,0,0.0,-7017.0,1
239,1,1,1,0,0,1,0,0,0,1,1,0,1,1,1,0,1,0,1,1,0,1,1,1,0,0,0,0,1,1,1,0,0,1,1,0,0,0,0,1,1,1,0,1,1,0,0,0,0,1,0,0,1,0,0,1,1,0,0,0,0,0,0,0,1,1,1,1,0,0,1,1,0,0,1,0,0,0,1,1,0,0,0,0.0,-7017.0,1
240,1,1,1,0,0,1,0,0,1,1,1,1,0,0,0,0,1,0,1,0,0,1,1,0,0,0,1,1,1,0,0,0,0,1,1,0,1,0,0,0,1,0,0,1,1,0,1,1,0,1,1,0,1,0,0,1,0,1,0,0,0,0,1,1,0,0,1,0,0,0,0,1,1,1,0,0,1,0,1,1,0,1,0,0.0,-7017.0,1
241,1,1,1,0,0,1,1,0,0,1,0,0,0,1,0,0,1,0,1,0,1,1,1,0,0,0,1,0,1,1,0,0,0,0,0,1,1,1,0,1,0,1,0,1,0,0,0,1,1,0,0,1,1,1,0,0,0,1,1,0,1,1,0,0,1,0,0,1,1,0,0,0,0,1,0,1,1,0,1,0,0,0,1,0.0,-7017.0,1
242,1,1,0,0,0,0,0,0,1,0,0,1,0,1,0,0,0,0,0,0,1,1,1,0,0,1,0,1,0,1,0,0,1,0,0,0,1,0,0,1,0,0,1,1,1,1,0,1,0,0,1,0,1,0,0,0,1,1,1,0,1,0,1,1,1,1,0,1,0,1,1,0,1,0,1,0,1,1,0,1,0,0,1,0.0,-7017.0,1
243,1,1,1,0,1,0,0,1,0,0,0,1,0,1,0,1,1,1,0,0,0,0,1,1,0,0,0,1,0,1,0,0,1,1,0,0,0,0,1,1,0,0,0,0,0,0,0,1,1,0,1,1,0,1,0,0,1,1,0,0,1,1,0,1,0,0,1,1,0,0,1,0,1,1,1,1,0,1,1,1,0,0,0,0.0,-7017.0,1
244,1,1,0,1,1,1,0,1,1,0,0,0,0,0,1,0,1,1,0,0,0,1,1,1,0,1,1,0,0,1,1,1,1,0,0,1,0,0,1,1,1,0,1,1,0,0,1,0,1,1,1,0,0,0,0,0,0,0,1,1,0,0,1,0,1,1,0,0,0,0,0,0,0,0,0,0,0,0,1,1,1,1,0,0.0,-7017.0,1
245,1,1,1,0,1,1,0,1,0,0,1,0,1,0,0,0,1,0,0,1,0,0,1,0,1,0,1,0,1,0,0,1,1,1,0,1,1,0,1,0,0,1,1,1,1,0,0,1,0,0,1,0,1,0,1,1,0,1,0,1,1,0,0,0,0,0,1,1,0,0,0,0,1,0,1,1,0,0,0,0,1,1,0,0.0,-7016.0,1
246,1,1,0,0,1,1,1,0,0,0,1,1,0,0,1,1,0,0,1,0,0,1,1,1,1,0,1,1,0,0,1,0,1,1,0,0,1,1,0,1,0,1,0,1,0,0,1,1,0,0,0,0,1,0,1,0,1,0,1,0,1,0,0,0,1,1,1,0,0,0,0,0,0,0,0,0,1,0,1,1,1,0,1,0.0,-7016.0,1
247,1,1,1,0,0,0,0,1,0,0,1,1,0,0,0,1,1,0,1,0,0,0,1,1,0,0,1,1,0,1,0,1,0,1,1,0,1,0,0,1,0,1,1,0,0,0,1,1,1,1,0,1,1,0,0,0,0,1,0,1,1,1,0,0,1,0,1,1,0,0,0,0,0,0,0,1,1,1,1,0,1,0,0,0.0,-7016.0,1
248,1,1,0,0,0,1,0,1,0,0,1,1,1,0,0,1,0,0,1,1,0,1,1,0,0,0,0,0,1,1,0,1,0,1,1,0,0,0,1,0,0,0,1,0,0,1,0,0,1,1,1,1,1,0,1,1,0,0,1,1,1,0,0,0,0,0,0,1,1,1,0,1,1,0,1,0,0,1,1,0,0,0,1,0.0,-7016.0,1
249,1,1,0,1,0,0,1,1,1,0,0,0,1,1,1,0,1,1,0,1,1,0,0,0,0,0,0,1,0,1,0,0,0,1,1,0,1,0,0,0,0,1,1,0,0,0,0,0,1,0,1,1,0,1,1,1,0,0,1,1,0,1,1,0,1,1,1,1,0,0,0,0,0,0,1,0,1,0,1,0,1,1,0,0.0,-7016.0,1
250,1,1,0,1,0,1,1,0,0,1,1,0,0,0,1,0,1,1,1,0,0,0,1,0,1,0,1,0,0,0,0,0,0,1,0,0,1,1,1,0,0,1,1,1,1,1,1,1,1,1,0,0,0,1,1,0,1,0,0,0,0,0,0,1,1,1,1,1,0,0,1,0,1,0,1,0,1,0,0,0,0,0,0,0.0,-7016.0,1
251,1,1,1,1,1,1,0,0,0,1,1,0,0,1,1,1,1,0,0,1,0,0,1,1,1,1,1,0,1,1,0,1,0,0,0,0,0,0,0,1,0,1,0,0,0,1,0,0,1,0,1,0,0,0,0,1,1,1,0,0,0,0,0,0,1,0,1,1,0,0,1,0,1,1,1,0,0,1,1,0,1,0,0,0.0,-7016.0,1
252,1,1,1,0,1,1,0,0,0,1,0,0,0,0,0,0,1,1,0,1,0,1,0,1,0,1,1,0,0,0,0,1,1,0,1,0,1,0,1,1,0,1,0,0,0,1,0,1,0,1,1,1,0,0,0,0,1,1,1,1,0,1,0,0,0,0,1,1,0,0,0,0,1,1,1,0,0,0,1,1,0,1,1,0.0,-7016.0,1
253,1,1,1,0,1,0,0,1,0,0,0,0,0,1,0,0,1,0,0,0,1,1,1,0,0,0,0,1,1,1,1,0,1,0,0,0,1,0,1,1,0,1,0,1,1,1,0,0,1,1,1,0,1,1,1,0,0,1,0,0,1,1,0,1,0,0,0,1,1,1,1,0,0,0,1,0,1,1,0,0,0,1,0,0.0,-7015.0,1
254,1,1,1,1,0,1,1,1,1,1,0,0,0,0,0,0,0,1,1,0,0,1,1,0,1,1,0,0,1,1,0,1,0,1,0,0,0,1,0,0,0,1,1,1,1,0,0,0,1,0,0,0,0,0,1,0,1,1,0,0,1,1,1,0,0,1,0,0,1,1,1,0,0,0,1,0,0,1,1,0,1,1,0,0.0,-7015.0,1
255,1,1,1,0,1,0,1,1,1,0,0,1,0,1,1,0,1,0,1,1,0,1,1,0,0,0,1,0,0,1,0,1,0,1,1,1,0,0,0,1,0,0,1,0,0,0,1,1,1,1,0,1,1,0,1,0,0,0,0,0,0,0,1,1,0,1,0,0,1,1,0,0,1,0,0,1,0,0,1,1,0,1,0,0.0,-7015.0,1
256,1,1,0,1,0,1,1,0,0,1,0,1,0,1,1,1,0,0,0,1,0,1,0,0,1,0,1,0,1,1,0,1,0,1,0,1,0,0,1,0,1,1,0,1,1,0,0,0,0,1,1,1,0,0,1,0,1,0,0,1,0,1,0,0,1,0,0,0,1,1,0,0,1,1,1,1,1,1,0,0,0,0,0,0.0,-7015.0,1
257,1,1,0,0,0,1,1,1,0,0,1,1,0,0,0,1,1,1,1,0,0,1,1,0,0,1,1,1,0,0,1,1,1,0,1,1,1,0,1,0,1,0,1,0,0,0,0,1,0,0,0,1,0,0,0,0,1,0,1,0,1,1,0,0,1,0,1,0,1,0,1,0,0,1,1,1,1,0,0,0,0,0,1,0.0,-7015.0,1
258,1,1,0,0,0,1,1,0,0,0,1,0,1,1,0,1,1,0,0,1,1,0,1,0,1,0,1,1,0,0,0,0,0,0,1,0,1,0,1,0,0,1,1,1,1,1,1,1,0,1,0,0,1,0,0,0,1,1,0,1,1,0,1,1,0,0,1,1,0,1,0,0,0,0,1,0,1,0,1,0,0,0,1,0.0,-7015.0,1
259,1,1,0,1,0,1,1,0,0,1,0,0,1,0,0,0,1,1,1,1,0,1,1,1,1,1,1,1,0,1,0,1,1,1,0,0,0,1,1,0,0,1,1,0,0,0,0,0,0,1,1,0,1,0,0,0,1,0,0,1,0,1,1,0,0,1,0,0,0,1,0,0,0,1,0,0,1,1,0,0,1,0,1,0.0,-7015.0,1
260,1,1,0,1,0,0,0,0,1,0,1,1,1,1,0,1,1,1,1,0,1,1,1,1,1,1,1,1,0,0,0,0,0,0,0,1,0,1,0,1,1,0,0,0,0,0,0,1,1,1,0,0,0,1,0,1,0,1,1,0,0,0,1,0,0,1,0,0,0,1,1,1,0,1,1,0,0,0,0,0,0,1,1,0.0,-7015.0,1
261,1,1,0,0,0,1,0,1,0,0,0,0,1,0,1,0,0,1,0,1,1,1,1,1,0,0,0,0,1,1,0,0,0,1,0,1,1,1,1,0,0,1,0,1,0,1,1,1,1,1,0,0,0,0,0,1,1,1,0,0,1,1,0,0,1,0,1,1,1,0,1,0,0,0,1,0,1,1,0,1,0,0,0,0.0,-7015.0,1
262,1,1,0,0,1,0,1,1,1,0,1,0,1,1,0,0,1,0,0,0,0,0,0,0,1,0,0,0,0,1,0,0,1,1,1,1,0,0,0,1,0,1,1,1,1,1,0,0,0,1,0,1,0,0,0,1,1,1,1,0,1,0,1,0,1,0,1,0,0,1,0,1,0,0,1,0,1,1,0,0,1,1,1,0.0,-7015.0,1
263,1,1,1,1,0,0,0,1,1,0,1,0,1,1,1,1,0,1,0,1,0,0,0,0,1,0,0,0,0,1,1,1,0,0,0,0,0,0,1,1,0,0,1,0,0,0,0,1,0,0,1,1,0,0,1,1,1,1,0,1,1,0,1,0,1,1,0,1,0,1,0,1,0,1,1,1,1,0,1,0,0,1,0,0.0,-7014.0,1
264,1,1,0,1,0,1,0,1,0,0,1,1,1,0,1,0,1,0,1,1,1,0,0,0,1,0,0,0,0,1,1,1,0,0,0,1,1,1,0,0,0,1,0,1,0,1,0,1,1,1,0,0,1,0,1,0,1,1,1,0,1,0,1,0,1,0,0,1,1,0,0,0,0,1,1,0,0,0,1,1,1,0,0,0.0,-7014.0,1
265,1,1,0,1,0,1,1,0,1,0,1,1,0,0,1,0,1,1,1,0,1,0,0,1,1,1,0,1,1,0,0,0,1,0,0,1,0,0,0,1,1,1,0,1,1,1,1,1,0,0,0,0,0,0,1,1,1,0,1,0,0,1,0,1,1,1,0,1,1,1,1,0,0,0,0,0,0,0,0,1,0,0,0,0.0,-7014.0,1
266,1,1,1,0,0,0,0,1,0,1,0,0,1,0,1,1,1,1,1,0,0,0,0,0,1,0,1,0,0,1,1,0,0,1,0,1,1,1,0,1,1,0,0,1,0,0,0,1,1,0,1,1,0,1,1,1,1,1,0,0,0,0,0,0,0,1,1,0,1,0,1,0,0,1,1,0,1,0,1,0,0,1,1,0.0,-7014.0,1
267,1,1,1,1,1,1,1,0,0,1,0,1,1,0,1,1,0,0,0,0,0,0,1,0,0,1,0,1,0,0,1,0,1,1,0,1,1,0,1,0,0,1,1,1,1,0,0,0,1,0,1,1,1,0,0,1,0,1,0,0,0,0,1,1,0,0,1,0,1,1,1,1,0,1,0,0,0,0,0,1,0,1,0,0.0,-7014.0,1
268,1,1,1,0,0,1,0,0,1,0,1,0,0,1,1,1,1,1,1,1,0,1,1,0,1,1,1,0,1,1,0,1,0,1,0,0,0,1,0,0,0,1,0,1,0,0,0,1,1,1,0,0,0,0,1,1,0,1,0,1,0,0,1,0,0,1,0,0,0,0,1,0,1,1,1,1,0,1,0,1,1,0,0,0.0,-7013.0,1
269,1,1,1,0,0,1,1,0,0,0,1,1,0,1,1,0,1,0,0,0,0,1,1,1,1,1,0,1,0,1,1,1,1,0,1,0,1,1,1,1,1,0,0,0,0,1,0,0,0,0,1,0,0,0,0,1,1,0,1,0,1,1,1,1,1,0,1,1,0,1,0,0,0,1,0,0,0,0,1,1,0,0,0,0.0,-7013.0,1
270,1,1,1,1,0,1,1,0,0,0,0,0,0,0,0,0,0,0,0,1,1,0,0,1,0,0,1,0,1,1,0,1,0,1,1,0,1,1,0,1,0,1,0,0,1,1,0,1,0,1,0,1,1,1,1,1,1,0,0,1,1,1,0,1,1,1,0,1,0,0,1,1,0,0,1,0,1,1,0,0,1,1,0,0.0,-7012.0,1
271,1,1,1,1,0,1,0,1,0,1,1,1,1,1,1,0,1,0,0,1,0,0,1,0,1,1,1,0,0,1,0,1,0,1,0,1,1,0,0,0,0,1,0,0,0,1,0,1,1,1,0,0,0,0,1,0,1,1,1,0,1,0,1,1,0,0,0,1,0,1,0,0,1,1,0,1,1,0,0,1,1,0,0,0.0,-7012.0,1
272,1,1,0,1,0,1,0,0,1,1,0,0,1,0,1,1,1,0,0,0,1,1,1,0,1,0,0,1,1,1,0,0,0,0,0,0,1,1,1,0,1,1,0,0,1,1,1,0,0,0,1,0,1,0,0,0,1,0,1,1,1,1,0,1,0,0,0,1,0,1,1,1,0,1,1,0,0,1,1,0,1,0,1,0.0,-7012.0,1
